tree
version=v4
num_class=1
num_tree_per_iteration=1
label_index=0
max_feature_idx=12
objective=binary sigmoid:1
feature_names=price_close diff_MA_100 diff_MA_50 diff_MA_30 diff_MA_20 diff_MA_9 divergence OBV VWAP MFI Volume_Oscillator ATR predicted_label
feature_infos=[3.0368249014223032:3.5077238167025091] [-0.0037235394438139835:0.0031360935342994445] [-0.005616577393692701:0.005347091464711351] [-0.0086805695861844612:0.0066177794863921946] [-0.013819473657455283:0.010345962227782834] [-0.025788152694738553:0.015917024327620766] [-0.18500613782529873:0.14887813826900453] [-0.5029057899287932:1.1001766030284206] [3.1576943398366835:3.3231608886156048] [0:100] [-1:1] [0.0033593353708812096:0.054003419798333833] [0:1]
tree_sizes=1653 1919 1924 1917 1942 1912 1712 2038 1921 1813 1933 1717 1927 1911 1928 1831 1820 1824 2040 1922 1714 2035 1924 1712 1929 1819 1707 1931 1710 1815 1820 1921 1939 1716 1941 1818 1820 1721 1942 1927 1816 1928 2039 1821

Tree=0
num_leaves=15
num_cat=0
split_feature=11 7 9 10 9 8 5 0 2 0 10 11 11 11
split_gain=44.907 32.1658 31.0095 12.3937 6.95047 15.0751 11.2852 5.87598 5.58548 4.16508 3.8376 2.9848 1.71695 0.615912
threshold=0.023642530927290902 0.91535389753182639 33.417338410733571 -0.32328142449015873 85.157975632229309 3.2439600137157751 -0.0012350118539645736 3.3927454703132174 -0.00043167346402639412 3.3482332076660821 0.39382907294685515 0.016367483989787303 0.015384047334443828 0.026656161300674486
decision_type=2 2 2 2 2 2 2 2 2 2 2 2 2 2
left_child=1 2 8 11 5 -5 -7 13 -1 -3 -8 -4 -10 -2
right_child=7 9 3 4 -6 6 10 -9 12 -11 -12 -13 -14 -15
leaf_value=0.49875350933384821 0.52007352768633919 0.52433753135683736 0.50728151667484467 0.51634252447465323 0.4936900049751316 0.51077024695070672 0.48596149832235364 0.51311646906605268 0.48169749465185546 0.51340418861197024 0.49875350933384821 0.5172308585726737 0.48931178692060223 0.52433753135683736
leaf_weight=4.690427482128146 4.6904274821281495 5.6285129785537711 4.6904274821281424 7.5046839714050355 7.5046839714050284 5.1594702303409568 4.6904274821281415 8.9118122160434705 5.393991604447363 9.1463335901498777 4.6904274821281433 8.4427694678306562 6.5665984749794006 12.195111453533171
leaf_count=20 20 24 20 32 32 22 20 38 23 39 20 36 28 52
internal_value=0.508322 0.504367 0.501079 0.505595 0.502002 0.504832 0.498891 0.519686 0.489505 0.517569 0.492358 0.513678 0.485878 0.523153
internal_weight=0 74.1088 59.3339 42.6829 29.5497 22.045 14.5403 25.7974 16.651 14.7748 9.38085 13.1332 11.9606 16.8855
internal_count=426 316 253 182 126 94 62 110 71 63 40 56 51 72
is_linear=0
shrinkage=1


Tree=1
num_leaves=17
num_cat=0
split_feature=11 7 0 11 8 0 0 7 0 4 0 5 5 11 4 0
split_gain=44.096 31.5113 14.916 15.861 9.97724 8.18218 23.3812 8.12445 6.70011 6.12184 4.11387 2.12538 1.47295 0.815381 0.492395 1.791e-05
threshold=0.023642530927290902 0.91535389753182639 3.425616215139796 0.015136194267252054 3.2794989064679778 3.3383557680763896 3.2481821954758847 0.6652833237740664 3.2899044367176291 0.0031692861439176494 3.3482332076660821 -0.00040803460578309187 -0.0018087530198727106 0.028064985432072337 0.00062765992505275936 3.3228061660666444
decision_type=2 2 2 2 2 2 2 2 2 2 2 2 2 2 2 2
left_child=1 2 3 4 8 6 11 -7 -1 13 -3 -5 -6 14 -2 -15
right_child=9 10 -4 5 12 7 -8 -9 -10 -11 -12 -13 -14 15 -16 -17
leaf_value=-0.010997037325813027 0.0095318878218805525 0.015919473702241331 -0.024236184174247156 -0.0010455401054589588 -0.022177769519276712 0.011977882322298775 -0.021380462928191367 -0.0035570243681059942 0.0039073055969783234 0.0022913270125535868 0.0050373060741812073 0.0082561841123676774 -0.015126816835796492 0.015919473702241334 0.014014624605988018 0.015946238133589308
leaf_weight=7.7574430108070391 4.6768953800201469 5.6057914495468131 4.7088732421398154 4.6898060142993891 4.7040401548147193 7.4939340204000455 5.8749817460775366 6.1122960597276688 4.9349253475666046 5.850685939192771 9.1347199827432615 5.1583399623632484 8.0037047863006574 5.3722168058156949 5.1469844579696655 4.6768198609352112
leaf_count=33 20 24 20 20 20 32 25 26 21 25 39 22 34 23 22 20
internal_value=0 -0.00391212 -0.00715788 -0.00568848 -0.0114733 -0.000678676 -0.00559208 0.00499917 -0.00520207 0.0112822 0.00917578 0.00382659 -0.0177369 0.0139292 0.0118805 0.0159319
internal_weight=0 74.1789 59.4383 54.7295 25.4001 29.3294 15.7231 13.6062 12.6924 25.7236 14.7405 9.84815 12.7077 19.8729 9.82388 10.049
internal_count=426 316 253 233 108 125 67 58 54 110 63 42 54 85 42 43
is_linear=0
shrinkage=0.01


Tree=2
num_leaves=17
num_cat=0
split_feature=11 7 9 4 9 5 8 4 4 2 0 0 11 11 5 0
split_gain=43.302 30.8723 29.5212 11.4625 12.2342 6.7307 13.4005 7.00164 6.04305 5.39022 4.06412 2.86785 1.66454 0.808044 0.487803 1.70737e-05
threshold=0.023642530927290902 0.91535389753182639 33.417338410733571 0.0026459326069387949 88.380674214880486 -0.001552160609258779 3.2439600137157751 1.0000000180025095e-35 0.0031692861439176494 -0.00043167346402639412 3.3482332076660821 3.3350028981861741 0.015384047334443828 0.028064985432072337 -0.0024545699659721527 3.3228061660666444
decision_type=2 2 2 2 2 2 2 2 2 2 2 2 2 2 2 2
left_child=1 2 9 4 5 11 -7 -8 13 -1 -3 -4 -11 14 -2 -15
right_child=8 10 3 -5 -6 6 7 -9 -10 12 -12 -13 -14 15 -16 -17
leaf_value=-0.0092482676805903056 0.0094577756367650208 0.015825985027457093 -0.0013388216191318797 0.0072656315867012291 -0.018139902734964356 0.0074059677725077855 -0.0059285935362453366 -0.022011100544714512 0.002269737418258672 -0.025946164429087395 0.0049933095389440669 0.0085843504293449616 -0.01848411127148291 0.015825985027457096 0.013926253764012247 0.015852171062044271
leaf_weight=4.7201929241418865 4.6651515662670135 5.5826332569122306 6.3346765041351301 9.1445051580667478 6.1269066631793967 4.6784797906875637 6.3541935831308347 4.7162518799304962 5.8472913950681678 5.4479656368494016 9.1231139302253705 5.3909934461116791 6.6240474283695221 5.35002353787422 5.1288341134786659 4.6576225757598877
leaf_count=20 20 24 27 39 26 20 27 20 25 23 39 23 28 23 22 20
internal_value=0 -0.00386938 -0.00707417 -0.00266075 -0.00536217 -0.0025127 -0.00678349 -0.0127801 0.0112021 -0.0183089 0.00910564 0.00322346 -0.0218517 0.0138398 0.0117978 0.0158382
internal_weight=0 74.244 59.5382 42.746 33.6015 27.4746 15.7489 11.0704 25.6489 16.7922 14.7057 11.7257 12.072 19.8016 9.79399 10.0076
internal_count=426 316 253 182 143 117 67 47 110 71 63 50 51 85 42 43
is_linear=0
shrinkage=0.01


Tree=3
num_leaves=17
num_cat=0
split_feature=11 7 0 11 8 0 0 7 0 4 0 2 5 11 4 0
split_gain=42.525 30.2487 14.2965 15.152 9.61478 7.9374 22.6005 7.89449 6.49437 5.96617 4.01578 3.35225 2.06042 0.801065 0.486992 1.62822e-05
threshold=0.023642530927290902 0.91535389753182639 3.425616215139796 0.015136194267252054 3.2794989064679778 3.3383557680763896 3.2481821954758847 0.6652833237740664 3.2899044367176291 0.0031692861439176494 3.3482332076660821 -0.00051054936432359799 -0.00040803460578309187 0.028064985432072337 0.00062765992505275936 3.3228061660666444
decision_type=2 2 2 2 2 2 2 2 2 2 2 2 2 2 2 2
left_child=1 2 3 4 8 6 12 -7 -1 13 -3 -6 -5 14 -2 -15
right_child=9 10 -4 5 11 7 -8 -9 -10 -11 -12 -13 -14 15 -16 -17
leaf_value=-0.01071570602341867 0.0093750037138480447 0.015734508627595969 -0.023633085252789551 -0.00098213622268420505 -0.011352139855044571 0.011858368996697968 -0.020923052234439882 -0.0034617928014777778 0.0039394163777079563 0.0022483437266417024 0.0049496994152065325 -0.021705048955697262 0.0081782594662109 0.015734508627595973 0.013846633977354051 0.015760134479768949
leaf_weight=7.7985054850578326 4.6517879813909584 5.5590566396713248 4.7513184547424308 4.6967996209859812 5.4389124065637589 7.4608073681592924 5.9173369556665412 6.124768003821373 4.9388507604598999 5.8439168334007254 9.1115171760320646 7.3597873449325544 5.1453711539506966 5.3274292796850187 5.1119457483291626 4.6380719542503357
leaf_count=33 20 24 20 20 23 32 25 26 21 25 39 31 22 23 22 20
internal_value=0 -0.00382743 -0.00699212 -0.00555144 -0.0111841 -0.000649892 -0.00547869 0.0049516 -0.00503325 0.0111232 0.00903634 -0.0173055 0.00380681 0.0137519 0.0117162 0.0157464
internal_weight=0 74.303 59.6325 54.8811 25.5361 29.3451 15.7595 13.5856 12.7374 25.5732 14.6706 12.7987 9.84217 19.7292 9.76373 9.9655
internal_count=426 316 253 233 108 125 67 58 54 110 63 54 42 85 42 43
is_linear=0
shrinkage=0.01


Tree=4
num_leaves=17
num_cat=0
split_feature=2 9 4 2 5 3 6 2 3 2 10 5 9 10 3 5
split_gain=17.6105 28.3404 21.8201 14.6927 14.9375 19.9929 10.8271 11.0132 8.57827 7.89906 7.24079 3.48371 1.34467 0.978397 0.49002 0.136743
threshold=-0.0016272646076358475 40.461794782091935 0.0018115169567216596 -0.00058301107234459682 -0.00081777463378163151 -0.0002055967567711203 -0.017124900895044922 0.00038669110048861205 -0.0010913382872961284 0.0023657514468531375 0.19876979782153689 -0.0020039978942711918 20.598354050817125 0.32596255934055246 -0.0024330960638163641 0.0015874650507596846
decision_type=2 2 2 2 2 2 2 2 2 2 2 2 2 2 2 2
left_child=10 3 6 -2 5 -5 8 -8 -3 13 14 -9 -6 15 -1 -4
right_child=1 2 9 4 12 -7 7 11 -10 -11 -12 -13 -14 -15 -16 -17
leaf_value=0.015739864597784165 0.0041231755298152817 -0.0034671956945332705 0.013603870585024774 -0.019564781875582256 -0.023847103492964147 0.0085921335375273751 0.013827768479202467 0.0031695270000497069 -0.021725025633379413 0.0016899847901602262 0.00071412339854040521 -0.0075822711640703326 -0.017281554024071041 0.0094893893915655725 0.011484415266752703 0.015834392951463862
leaf_weight=6.4859049022197732 5.8675363212823894 5.6349674016237259 4.6375568211078697 4.7396373748779297 6.9327274411916679 5.3890648931264931 4.8912676870822933 4.6823611855506924 4.7363517284393328 9.1178726404905301 6.5522158890962592 8.4555372148752159 5.671190544962883 4.6677352488040915 4.6431111097335824 6.7473617196083069
leaf_count=28 25 24 20 20 29 23 21 20 20 39 28 36 24 20 20 29
internal_value=0 -0.00194721 0.00234383 -0.00998477 -0.0136262 -0.00458365 -0.00366441 0.00101857 -0.0118051 0.00912306 0.00905422 -0.00375032 -0.0208929 0.013345 0.0139645 0.0149258
internal_weight=0 82.1712 53.571 28.6002 22.7326 10.1287 28.4005 18.0292 10.3713 25.1705 17.6812 13.1379 12.6039 16.0527 11.129 11.3849
internal_count=426 350 229 121 96 43 121 77 44 108 76 56 53 69 48 49
is_linear=0
shrinkage=0.01


Tree=5
num_leaves=17
num_cat=0
split_feature=11 8 8 0 4 3 0 6 6 4 4 2 8 11 8 4
split_gain=41.2315 21.7914 20.2317 17.314 13.7995 10.1479 15.1117 15.4104 7.53813 5.86707 5.4505 16.3094 1.06599 0.787004 0.48578 4.75592e-05
threshold=0.023642530927290902 3.2794989064679778 3.2295786595217515 3.1893892261078478 0.0034418812104877188 -0.00043057990568806653 3.425616215139796 0.01612416502217218 0.098068899555036296 0.0031692861439176494 0.0013678525558853407 -0.0003799509767334896 3.2979305482587047 0.028064985432072337 3.2759113880433479 -0.0010813170374988077
decision_type=2 2 2 2 2 2 2 2 2 2 2 2 2 2 2 2
left_child=1 2 4 -3 8 12 7 -7 -1 13 11 -4 -5 14 -2 -15
right_child=9 3 10 5 -6 6 -8 -9 -10 -11 -12 -13 -14 15 -16 -17
leaf_value=-0.0055469705337110198 0.01372223414497533 0.0050162399437312186 0.013375266558860888 -0.017522133832746353 0.0078373423251686426 -0.012014096661759541 -0.023149543549322697 0.011846267403553634 -0.020495106841150353 0.0021867186805230483 0.014463527313526044 -0.007483027281927586 -0.023844036708854533 0.01557397060395873 0.0092449221869685145 0.015617834331401724
leaf_weight=8.2687859535217303 5.0843608677387291 6.3405165225267401 8.3490686416625977 5.0033177733421343 4.9145875424146643 6.3744758516550046 4.7836378067731848 4.7045497000217438 5.6984828561544409 5.833923563361167 7.4353458285331717 6.8033692687749872 5.7124415785074234 5.0557182431221035 4.6300284564495087 4.8365586698055223
leaf_count=35 22 27 36 21 21 27 20 20 24 25 32 29 24 22 20 21
internal_value=0 -0.0037573 0.00106493 -0.0098321 -0.00657459 -0.0133743 -0.00829566 -0.00188213 -0.0116456 0.0109905 0.00745104 0.00401 -0.0208923 0.01361 0.0115883 0.0155954
internal_weight=0 74.3886 41.4696 32.9189 18.8819 26.5784 15.8627 11.079 13.9673 25.4406 22.5878 15.1524 10.7158 19.6067 9.71439 9.89228
internal_count=426 316 177 139 80 112 67 47 59 110 97 65 45 85 42 43
is_linear=0
shrinkage=0.01


Tree=6
num_leaves=15
num_cat=0
split_feature=11 7 9 10 9 8 9 0 2 0 11 11 11 1
split_gain=40.4976 28.833 27.0302 11.6292 6.62689 13.8667 6.4034 5.71989 4.87335 3.92228 2.73718 1.54839 0.600288 0.000573562
threshold=0.023642530927290902 0.91535389753182639 33.417338410733571 -0.32328142449015873 85.157975632229309 3.2439600137157751 52.778838771356348 3.3927454703132174 -0.00043167346402639412 3.3482332076660821 0.016367483989787303 0.015384047334443828 0.026656161300674486 0.00030428925296943637
decision_type=2 2 2 2 2 2 2 2 2 2 2 2 2 2
left_child=1 2 8 10 5 -5 -7 12 -1 -3 -4 -10 -2 -14
right_child=7 9 3 4 -6 6 -8 -9 11 -11 -12 -13 13 -15
leaf_value=-0.0088589126167378813 0.011315025317192669 0.015546108526263402 -0.00080084589872217947 0.0078494235359521328 -0.014087281201854625 -0.0030803561703543624 -0.01639323468560968 0.0044040734908926482 -0.024699038427103831 0.0048503028782752181 0.0087214039741062479 -0.017558510852731201 0.015500315140269425 0.01563980758154122
leaf_weight=4.754246041178706 4.6134978830814424 5.5070769041776648 4.7162642776966086 7.4608214497566285 7.5760745555162421 8.2768791317939741 6.4118736684322348 8.8083029389381391 5.5415379106998426 9.0840653628110868 8.386969715356825 6.718807265162468 6.6386805623769742 5.3017117530107498
leaf_count=20 20 24 20 32 32 35 27 38 23 39 36 28 29 23
internal_value=0 -0.00371719 -0.00679041 -0.00255438 -0.00601401 -0.00325261 -0.00889164 0.0109144 -0.0174533 0.00888718 0.00529405 -0.0207859 0.0143786 0.0155623
internal_weight=0 74.4346 59.8435 42.8289 29.7256 22.1496 14.6888 25.3622 17.0146 14.5911 13.1032 12.2603 16.5539 11.9404
internal_count=426 316 253 182 126 94 62 110 71 63 56 51 72 52
is_linear=0
shrinkage=0.01


Tree=7
num_leaves=18
num_cat=0
split_feature=7 9 2 4 9 5 8 6 4 7 4 5 8 2 4 3 4
split_gain=20.2897 21.8279 33.0816 10.5275 13.9075 6.98331 5.87192 5.74251 9.41556 5.25706 4.95189 4.19522 2.95761 2.40405 0.945734 0.459749 0.180341
threshold=0.91269752265897963 33.417338410733571 -0.00083973685950589061 0.0016890114479961584 88.380674214880486 -0.001552160609258779 3.2058606609014846 0.024655849800248267 0.002380304046568416 0.82634732292486113 -0.0011768153981808192 0.0047874294300243045 3.2920507874318594 0.0028544095815921104 0.00077289079147102601 -0.0014959430141174843 -0.0022070738079795755
decision_type=2 2 2 2 2 2 2 2 2 2 2 2 2 2 2 2 2
left_child=1 2 -1 4 5 12 13 -4 -9 10 -7 14 -3 -5 15 -2 -14
right_child=11 3 7 6 -6 9 -8 8 -10 -11 -12 -13 16 -15 -16 -17 -18
leaf_value=0.010407344415612529 0.015621429931565983 -0.00099755966413861636 -0.024672787958092985 0.014354426800154476 -0.015956615339675847 0.0074947598902745929 0.0003963915863863575 -0.0027199897172611332 -0.022579666174360073 -0.012865286990077742 -0.0060651060128859326 0.00081197780636442789 0.0072372508943196953 0.0052948084117904071 0.0082990549441466308 0.01125463390123636 0.0099586764460539885
leaf_weight=5.5621864348650005 5.0664307326078415 4.6931037455797222 6.9886713474988964 7.8313513100147265 6.1817170679569236 4.6865943223237974 9.0643168836832029 4.7297715693712217 4.8201670050621033 4.7687851488590232 6.3315855860710144 4.6559205651283255 4.6494039744138709 4.6790507286787033 5.3373072892427436 4.6000155955553073 5.1126456111669532
leaf_count=24 22 20 29 34 26 20 39 20 20 20 27 20 20 20 23 20 22
internal_value=0 -0.00223283 -0.0106894 0.000989624 -0.00228931 0.00050439 0.00652533 -0.0177846 -0.0127438 -0.0040938 -0.000297403 0.0091045 0.00552623 0.010966 0.0116778 0.0135434 0.00866253
internal_weight=0 80.0994 22.1008 57.9986 36.4238 30.2421 21.5747 16.5386 9.54994 15.787 11.0182 19.6597 14.4552 12.5104 15.0038 9.66645 9.76205
internal_count=426 341 93 248 155 129 93 69 40 67 47 85 62 54 65 42 42
is_linear=0
shrinkage=0.01


Tree=8
num_leaves=17
num_cat=0
split_feature=11 8 8 0 4 9 6 10 4 10 4 0 11 6 10 10
split_gain=39.4052 20.6652 19.2929 16.425 13.2006 8.73045 11.8865 8.68792 5.76678 5.56262 2.92747 5.88267 0.779105 0.479046 0.474525 0.000253874
threshold=0.023642530927290902 3.2794989064679778 3.2295786595217515 3.1893892261078478 0.0034418812104877188 60.93738234764924 0.024655849800248267 -0.042353163355003852 0.0031692861439176494 0.51935718957195498 0.0010307710108665715 3.3482332076660821 0.028064985432072337 0.056336740286022875 0.093307756612672432 -0.17066113634793992
decision_type=2 2 2 2 2 2 2 2 2 2 2 2 2 2 2 2
left_child=1 2 4 -3 7 6 14 -1 12 10 11 -4 13 -2 -5 -14
right_child=8 3 9 5 -6 -7 -8 -9 -10 -11 -12 -13 15 -15 -16 -17
leaf_value=-0.0010565705874557442 0.0090622824296925121 0.0049384700285609031 0.013798168161725164 -0.024775833161114258 0.0077479877710775295 -0.0027445687132516415 -0.007649394344421293 -0.017346139451135091 0.0020619075296989674 -0.0010686223393764275 0.015683104849032282 -0.0013351395924725334 0.015353822915825448 0.013526104028183496 -0.020632405838321627 0.015455896776096401
leaf_weight=5.198405623435975 4.5983050763607078 6.3250820934772483 5.7306725978851372 6.4964730888605171 4.8991195410490027 6.3524232059717169 9.0794843286275846 8.8450521230697632 5.813264235854148 5.8539626449346533 6.2353068292140952 4.6553150713443756 5.2232298403978374 5.0384331345558167 4.8108426034450531 4.5672453939914659
leaf_count=22 20 27 25 27 21 27 38 37 25 25 27 20 23 22 20 20
internal_value=0 -0.00365775 0.00104856 -0.00955307 -0.0063857 -0.012981 -0.0161706 -0.0113163 0.0107999 0.00731429 0.0102667 0.00701496 0.0134146 0.0113961 -0.023013 0.0154014
internal_weight=0 74.4821 41.4178 33.0643 18.9426 26.7392 20.3868 14.0435 25.2405 22.4753 16.6213 10.386 19.4272 9.63674 11.3073 9.79048
internal_count=426 316 177 139 80 112 85 59 110 97 72 45 85 42 47 43
is_linear=0
shrinkage=0.01


Tree=9
num_leaves=16
num_cat=0
split_feature=11 7 9 9 8 5 0 2 9 0 2 9 11 11 1
split_gain=38.7088 27.3866 25.1896 8.6872 15.7546 12.5195 5.57113 4.6168 4.32291 3.82118 2.54118 1.4736 1.44749 0.595406 0.000790741
threshold=0.023642530927290902 0.91535389753182639 33.417338410733571 85.157975632229309 3.2794989064679778 -0.0012350118539645736 3.3927454703132174 -0.00043167346402639412 79.411414689070753 3.3482332076660821 0.00083285925625031798 97.686248542488357 0.015384047334443828 0.026656161300674486 0.00030428925296943637
decision_type=2 2 2 2 2 2 2 2 2 2 2 2 2 2 2
left_child=1 2 7 4 8 -6 13 -1 10 -3 -4 -5 -9 -2 -15
right_child=6 9 3 11 5 -7 -8 12 -10 -11 -12 -13 -14 14 -16
leaf_value=-0.0084934003119518948 0.011107623336444657 0.015336610389548968 -0.0021328104154245981 -0.014847031936745681 0.0026962767572161024 -0.014667349347636277 0.0042982311356921585 -0.023822408996971359 0.014004228333654407 0.0047346885553671766 0.0075396284535332279 -0.0069738365334053309 -0.01695191493336241 0.015284269874373634 0.015448952365421618
leaf_weight=4.7838860601186779 4.5734025835990968 5.4443674087524405 4.936791658401491 4.7789048850536329 7.5010843873024013 9.3017676770687086 8.7785641551017743 5.60101270675659 5.5719531327486029 9.0517636090517026 6.0386520326137543 4.7303836047649384 6.7765571475028992 6.5592257231473905 5.2488923519849777
leaf_count=20 20 24 21 20 32 39 38 23 24 39 26 20 28 29 23
internal_value=0 -0.00361929 -0.0065986 -0.00249928 -9.52443e-05 -0.00691593 0.0107263 -0.0168364 0.00683073 0.00871649 0.00318893 -0.0109305 -0.0200609 0.014171 0.0153575
internal_weight=0 74.5171 60.021 42.8595 33.3502 16.8029 25.1601 17.1615 16.5474 14.4961 10.9754 9.50929 12.3776 16.3815 11.8081
internal_count=426 316 253 182 142 71 110 71 71 63 47 40 51 72 52
is_linear=0
shrinkage=0.01


Tree=10
num_leaves=17
num_cat=0
split_feature=11 7 9 4 9 5 8 4 4 2 2 9 11 11 4 4
split_gain=38.0266 26.8455 24.5787 10.353 10.7917 6.06522 12.095 6.47578 5.68816 4.49472 2.86108 2.09393 1.40779 0.769509 0.47952 0.000354814
threshold=0.023642530927290902 0.91535389753182639 33.417338410733571 0.0026459326069387949 88.380674214880486 -0.001552160609258779 3.2439600137157751 1.0000000180025095e-35 0.0031692861439176494 -0.00043167346402639412 -0.0003799509767334896 55.562580771753211 0.015384047334443828 0.028064985432072337 0.00062765992505275936 -0.0010813170374988077
decision_type=2 2 2 2 2 2 2 2 2 2 2 2 2 2 2 2
left_child=1 2 9 4 5 11 -7 -8 13 -1 -3 -4 -11 14 -2 -15
right_child=8 10 3 -5 -6 6 7 -9 -10 12 -12 -13 -14 15 -16 -17
leaf_value=-0.008393836780190669 0.0089124116159838927 0.012801302890599147 0.0073741496168859824 0.0070174414517519554 -0.016882564797899291 0.0072123805057345081 -0.0054010382212181978 -0.020753616197186023 0.0019683648409066219 -0.023497170928242567 0.0038831677548324273 -0.001089783904511472 -0.016732875355098296 0.015190059426497118 0.013392338110487336 0.015311012784832021
leaf_weight=4.7921817898750332 4.5715091526508385 7.7311382442712784 5.8399290442466718 9.0640208572149259 6.2489757835865012 4.6473075598478344 6.4194101840257627 4.8031496405601501 5.7976949512958518 5.621648356318472 6.727871894836424 5.8518019616603851 6.7965105175971985 4.9484650790691402 5.0052146911621094 4.7565224766731218
leaf_count=20 20 34 25 39 26 20 27 20 25 23 29 25 28 22 22 21
internal_value=0 -0.00358164 -0.0065255 -0.00247329 -0.00501759 -0.00232747 -0.00635393 -0.0119718 0.0106534 -0.0166204 0.00865164 0.00313789 -0.019795 0.0132649 0.0112538 0.0152493
internal_weight=0 74.5439 60.0849 42.8746 33.8106 27.5616 15.8699 11.2226 25.0794 17.2103 14.459 11.6917 12.4182 19.2817 9.57672 9.70499
internal_count=426 316 253 182 143 117 67 47 110 71 63 50 51 85 42 43
is_linear=0
shrinkage=0.01


Tree=11
num_leaves=15
num_cat=0
split_feature=7 9 5 10 5 9 8 5 9 10 5 9 10 0
split_gain=19.1258 20.1223 17.2375 9.26118 7.79131 15.0577 8.55857 12.5771 5.98218 4.36704 4.07462 2.37544 2.97416 1.66104
threshold=0.91269752265897963 33.417338410733571 -0.0044349443012019476 -0.32328142449015873 0.0048526613197921184 88.380674214880486 3.2439600137157751 -0.0018475416386780628 7.6337395048233185 0.37926856616659582 0.0047874294300243045 62.928703497821239 -0.67765173262652867 3.3482332076660821
decision_type=2 2 2 2 2 2 2 2 2 2 2 2 2 2
left_child=1 2 -1 11 5 6 -5 -8 -4 -9 13 -3 -13 -2
right_child=10 3 8 4 -6 -7 7 9 -10 -11 -12 12 -14 -15
leaf_value=0.0059370538157060282 0.015216490832837938 0.0014584096740890048 -0.0088483441348451257 0.0079798554867768975 0.0065773195943917371 -0.018333822906704732 0.0057487391276328193 -0.017719420944118883 -0.020677202071634926 -0.0046406562847793242 0.00070940842200351527 0.0029800423337345999 0.013078899538039521 0.0084781192092039832
leaf_weight=5.0755527317523983 6.5322198718786266 5.5667749196290996 8.1631874293088931 7.8271266818046632 8.7680805176496488 5.9950810670852652 6.9586514681577745 5.5146196633577294 8.9769451767206174 4.7538272440433502 4.6428286880254737 4.6493012607097635 7.8232562839984867 8.3147149682044965
leaf_count=22 29 24 34 34 38 25 30 23 37 20 20 20 34 36
internal_value=0 -0.00216027 -0.0102502 0.000946081 -0.00174688 -0.00409757 -0.000691058 -0.00463069 -0.0150436 -0.0116645 0.00888591 0.00689013 0.00931442 0.0114428
internal_weight=0 80.0724 22.2157 57.8567 39.8174 31.0493 25.0542 17.2271 17.1401 10.2684 19.4898 18.0393 12.4726 14.8469
internal_count=426 341 93 248 170 132 107 73 71 43 85 78 54 65
is_linear=0
shrinkage=0.01


Tree=12
num_leaves=17
num_cat=0
split_feature=11 7 9 4 9 5 8 4 4 4 0 11 0 11 5 4
split_gain=37.1016 25.8695 23.4943 10.0505 10.294 5.82298 11.6175 6.25497 5.61765 4.24949 3.72541 3.64405 2.85993 0.775508 0.480676 0.000330333
threshold=0.023642530927290902 0.91535389753182639 33.417338410733571 0.0026459326069387949 88.380674214880486 -0.001552160609258779 3.2439600137157751 1.0000000180025095e-35 0.0031692861439176494 0.0010643233325391412 3.3482332076660821 0.012560453329104732 3.3350028981861741 0.028064985432072337 -0.0024545699659721527 -0.0010813170374988077
decision_type=2 2 2 2 2 2 2 2 2 2 2 2 2 2 2 2
left_child=1 2 9 4 5 12 -7 -8 13 11 -3 -1 -4 14 -2 -15
right_child=8 10 3 -5 -6 6 7 -9 -10 -11 -12 -13 -14 15 -16 -17
leaf_value=-0.017878347552498133 0.0087857277160548215 0.015110227751304954 -0.0015104483644570255 0.0069262223150115846 -0.016495491875674194 0.007088831003576667 -0.0052735070638055201 -0.020330289487476359 0.0019202647686678705 -0.02202374847367362 0.0045883268617829976 -0.005769149685845981 0.0084256834877218505 0.015100494843082884 0.013283200745345778 0.0152175278323037
leaf_weight=5.1137406975030917 4.5479802936315536 5.370772346854209 6.3055961877107602 9.0359352529048902 6.2832956761121741 4.6282777339220074 6.4343810528516752 4.8302800953388214 5.7892414033412924 7.3406695723533621 9.0103641748428327 4.8347163200378418 5.3585690855979919 4.9208516776561764 4.9768299907445961 4.7300016283988908
leaf_count=21 20 24 27 39 26 20 27 20 25 30 39 20 23 22 22 21
internal_value=0 -0.00353135 -0.00641142 -0.00244329 -0.00494511 -0.0023115 -0.00624955 -0.0117298 0.0105536 -0.0162522 0.00851783 -0.0119936 0.00305425 0.01316 0.0111357 0.0151579
internal_weight=0 74.5466 60.1655 42.8763 33.8404 27.5571 15.8929 11.2647 24.9649 17.2891 14.3811 9.94846 11.6642 19.1757 9.52481 9.65085
internal_count=426 316 253 182 143 117 67 47 110 71 63 41 50 85 42 43
is_linear=0
shrinkage=0.01


Tree=13
num_leaves=17
num_cat=0
split_feature=8 5 9 8 9 4 9 9 6 6 0 10 9 10 10 8
split_gain=13.9707 19.7317 14.5693 13.5849 19.3576 16.1177 12.8191 7.35771 4.94851 4.68049 15.454 13.8953 2.59227 1.07917 0.439333 0.162374
threshold=3.2794989064679778 -0.0047255420576517429 40.647069601718592 3.2641285900767065 40.461794782091935 0.0013150390001213099 7.6337395048233185 85.157975632229309 0.093763422282013412 -0.029952459427938335 3.1893892261078478 -0.053288088805832655 99.98362413028407 0.39382907294685515 -0.001304448716716246 3.2979305482587047
decision_type=2 2 2 2 2 2 2 2 2 2 2 2 2 2 2 2
left_child=3 -2 6 4 -1 7 -3 -6 14 10 -4 -11 13 -5 -7 -8
right_child=1 2 9 12 5 8 15 -9 -10 11 -12 -13 -14 -15 -16 -17
leaf_value=-0.017188279068963176 0.0096890725087775253 -0.0023377315275194036 0.0061435159601154069 0.015378969703985373 0.0015231071944461351 0.015366688188024643 -0.019664058990845671 -0.014100315664426672 0.0033329392783160213 -0.0095472829878443122 -0.018011338434125911 0.013863081580280601 0.0043233670576619055 0.009306502358571906 0.011204946271899578 -0.022156922359552817
leaf_weight=5.5496771633625022 8.4699687808752042 5.741496846079829 5.1212918013334257 7.9470289945602435 6.2800833582878131 5.6758855879306802 5.1232099980115873 5.7965865433216095 8.9507929086685163 4.6800981462001801 5.4860510528087616 5.5327970981597918 4.534002184867858 4.632575124502182 4.5860589742660531 5.3325047045946121
leaf_count=23 37 24 22 35 27 25 21 24 39 20 23 24 20 20 20 22
internal_value=0 -0.00407981 -0.00723027 0.003444 2.39066e-05 0.00307676 -0.014343 -0.00597586 0.00876703 -0.00169686 -0.00634922 0.00313519 0.0108062 0.0131427 0.0135068 -0.0209354
internal_weight=0 45.4874 37.0174 53.9527 36.8391 31.2894 16.1972 12.0767 19.2127 20.8202 10.6073 10.2129 17.1136 12.5796 10.2619 10.4557
internal_count=426 193 156 233 158 135 67 51 84 89 45 44 75 55 45 43
is_linear=0
shrinkage=0.01


Tree=14
num_leaves=17
num_cat=0
split_feature=11 8 8 0 4 3 0 2 10 4 4 2 8 11 3 1
split_gain=36.1273 18.4262 17.591 15.1273 12.0688 8.93987 13.6343 10.257 8.01694 5.5399 5.33285 15.2171 0.930518 0.774715 0.47123 0.000328876
threshold=0.023642530927290902 3.2794989064679778 3.2295786595217515 3.1893892261078478 0.0034418812104877188 -0.00043057990568806653 3.425616215139796 0.00050671349185416059 -0.042353163355003852 0.0031692861439176494 0.0013678525558853407 -0.0003799509767334896 3.2979305482587047 0.028064985432072337 0.00070654777042133976 0.00010229510360826312
decision_type=2 2 2 2 2 2 2 2 2 2 2 2 2 2 2 2
left_child=1 2 4 -3 8 12 7 -7 -1 13 11 -4 -5 14 -2 -15
right_child=9 3 10 5 -6 6 -8 -9 -10 -11 -12 -13 -14 15 -16 -17
leaf_value=-0.00087365075688669819 0.0086897936001577927 0.0049192821943616237 0.012842721572439245 -0.016113645436505369 0.0075276070341520453 -0.011531794487745975 -0.02145314661206716 0.0076710362011910638 -0.016481009130889374 0.0018718761233379405 0.014046339542602364 -0.0074254858828177615 -0.021958149781076412 0.014992210336605992 0.013154945444202468 0.015109398309306382
leaf_weight=5.2066032886505136 4.5290807336568886 6.3177296668291083 8.1323481500148773 5.0975210070610064 4.8585514128208152 5.280901715159418 4.8824796229600897 5.8773041516542435 8.9461594671010971 5.7802146524190894 7.2855769693851462 6.8029641211032876 5.850873127579689 4.6637485027313215 4.9431281387805939 4.9223620742559433
leaf_count=22 20 27 36 21 21 22 20 25 37 25 32 29 24 21 22 22
internal_value=0 -0.00347802 0.0009906 -0.00900996 -0.00607098 -0.0122706 -0.00751575 -0.00141719 -0.0107393 0.0104474 0.00703221 0.00361065 -0.019237 0.0130482 0.01102 0.0150524
internal_weight=0 74.539 41.2322 33.3068 19.0113 26.9891 16.0407 11.1582 14.1528 24.8385 22.2209 14.9353 10.9484 19.0583 9.47221 9.58611
internal_count=426 316 177 139 80 112 67 47 59 110 97 65 45 85 42 43
is_linear=0
shrinkage=0.01


Tree=15
num_leaves=16
num_cat=0
split_feature=11 7 8 2 4 3 8 4 3 4 2 11 11 5 1
split_gain=35.4978 24.5541 9.57804 14.9186 9.42013 14.8245 9.87233 6.52868 10.9841 5.4755 2.75832 0.814124 0.770091 0.480072 0.000314411
threshold=0.023642530927290902 0.91535389753182639 3.2794989064679778 -0.0038846205024651854 0.0035222735351758687 0.0016266278980678896 3.2336770816332137 0.0010307710108665715 -0.00043057990568806653 0.0031692861439176494 -0.0003799509767334896 0.012560453329104732 0.028064985432072337 -0.0024545699659721527 0.00010229510360826312
decision_type=2 2 2 2 2 2 2 2 2 2 2 2 2 2 2
left_child=1 2 4 -4 5 6 -1 8 11 12 -3 -5 13 -2 -14
right_child=9 10 3 7 -6 -7 -8 -9 -10 -11 -12 -13 14 -15 -16
leaf_value=-0.0054539015614191869 0.0085905814338387183 0.01247054590014525 0.0058093432723168902 -0.013901197586496229 0.0099137942058366065 -0.014902418287884116 0.010899609446511064 -0.020654080190374163 -0.00072619314190256357 0.0018541114373889723 0.0036615364433794529 -0.019613098814987098 0.014917931986615125 0.01310540109489697 0.01503280075007494
leaf_weight=9.0642036795616203 4.510508120059967 7.5968231409788132 4.9074831902980831 5.113981649279598 5.2845110148191443 9.1203271895647031 6.2277445644140235 8.0899990797042829 7.5854106843471536 5.7772545814514151 6.6804013401269895 4.873172402381897 4.6402180790901166 4.9287716746330315 4.8980904817581177
leaf_count=38 20 34 21 21 23 38 27 33 32 25 29 20 21 22 22
internal_value=0 -0.00344283 -0.00623626 -0.0101655 -0.00219151 -0.00481193 0.00120617 -0.0132204 -0.00979805 0.0103781 0.00834876 -0.0166883 0.012973 0.010948 0.0149769
internal_weight=0 74.5441 60.2668 30.57 29.6968 24.4123 15.2919 25.6626 17.5726 24.7548 14.2772 9.98715 18.9776 9.43928 9.53831
internal_count=426 316 253 127 126 103 65 106 73 110 63 41 85 42 43
is_linear=0
shrinkage=0.01


Tree=16
num_leaves=16
num_cat=0
split_feature=11 8 8 0 3 10 10 0 10 0 3 1 3 11 2
split_gain=34.8806 17.6479 16.9666 14.5706 8.72721 7.00984 6.2646 5.45859 5.16974 3.17023 2.55666 1.5448 0.931965 0.596663 0.00164186
threshold=0.023642530927290902 3.2794989064679778 3.2295786595217515 3.1893892261078478 0.0018271892919685675 -0.16218255512720678 0.45917952701919229 3.3927454703132174 0.51935718957195498 3.3904915161132689 -0.0011336258621224002 -0.00068522378796864725 0.00065827216954739154 0.026656161300674486 0.0011108048461883071
decision_type=2 2 2 2 2 2 2 2 2 2 2 2 2 2 2
left_child=1 2 5 -3 9 -1 -7 13 10 11 -4 -5 -12 -2 -15
right_child=7 3 8 4 -6 6 -8 -9 -10 -11 12 -13 -14 14 -16
leaf_value=0.0024218215318377195 0.010674332531857325 0.0048756689197146773 0.0042059137323921672 -0.015451325472607198 -0.0025535737179611488 -0.016854033382509258 -0.0026336102671251117 0.003916079049368356 -0.0011526098872973148 -0.011105436554031501 0.015221009234812056 -0.023056671730860276 0.0093279213919818822 0.014867224386273364 0.015107347041749571
leaf_weight=6.5608722418546703 4.4819474220275941 6.3082971870899192 5.4149011820554778 5.5468979179859179 7.184543937444686 6.7686922997236234 5.7123438715934753 8.6639696657657606 5.8293090760707846 9.1918819993734342 6.0687557309865952 5.1507770568132436 4.8109538853168488 6.3847204893827421 5.1399067938327789
leaf_count=28 20 27 24 23 30 28 24 38 25 38 27 21 21 29 23
internal_value=0 -0.00340807 0.000973377 -0.0088111 -0.0120001 -0.0059466 -0.0103456 0.0103096 0.00692935 -0.0154124 0.00982063 -0.0191132 0.0126151 0.0137703 0.0149743
internal_weight=0 74.5482 41.1658 33.3824 27.0741 19.0419 12.481 24.6705 22.1239 19.8896 16.2946 10.6977 10.8797 16.0066 11.5246
internal_count=426 316 177 139 112 80 52 110 97 82 72 44 48 72 52
is_linear=0
shrinkage=0.01


Tree=17
num_leaves=16
num_cat=0
split_feature=11 7 9 10 9 6 0 5 10 2 0 11 11 11 2
split_gain=34.2732 23.8142 21.3022 10.3883 5.66159 6.19967 5.40203 4.59254 5.34214 4.17154 3.65958 2.42319 1.36202 0.593253 0.00157084
threshold=0.023642530927290902 0.91535389753182639 33.417338410733571 -0.32328142449015873 85.157975632229309 0.067252387558394813 3.3927454703132174 -0.0012350118539645736 0.37926856616659582 -0.00043167346402639412 3.3482332076660821 0.016367483989787303 0.015384047334443828 0.026656161300674486 0.0011108048461883071
decision_type=2 2 2 2 2 2 2 2 2 2 2 2 2 2 2
left_child=1 2 9 11 5 7 13 -5 -9 -1 -3 -4 -11 -2 -15
right_child=6 10 3 4 -6 -7 -8 8 -10 12 -12 -13 -14 14 -16
leaf_value=-0.0075581893784940303 0.010604365969419398 0.014868120975341653 -0.0005753131623313525 0.0018381964409556421 -0.012963773495890259 0.0056839331440291119 0.0038814287946299098 -0.017654694189018105 -0.0037579000845986078 -0.022090335562791191 0.0043691969696566793 0.0083954432928456339 -0.01548183078116727 0.014795409844312744 0.01503087620501577
leaf_weight=4.8519194573164013 4.4664813131094006 5.2801471054553977 4.7338349372148505 4.9196112751960799 7.6991277933120719 5.9872417449951163 8.6539519727230054 4.8569823503494298 6.4260993897914886 5.6962656378746015 8.9434681534767133 8.2742764055728895 6.892207607626915 6.3517190963029844 5.1145232170820236
leaf_count=20 20 24 20 21 32 26 38 20 27 23 39 36 28 29 23
internal_value=0 -0.00337329 -0.00611722 -0.00232859 -0.00557504 -0.00301141 0.0102416 -0.00622452 -0.00974 -0.0154359 0.00826665 0.00513086 -0.0184722 0.0136961 0.0149004
internal_weight=0 74.5612 60.3376 42.8972 29.8891 22.1899 24.5867 16.2027 11.2831 17.4404 14.2236 13.0081 12.5885 15.9327 11.4662
internal_count=426 316 253 182 126 94 110 68 47 71 63 56 51 72 52
is_linear=0
shrinkage=0.01


Tree=18
num_leaves=18
num_cat=0
split_feature=11 7 9 10 4 9 8 4 4 4 3 4 3 10 11 4 7
split_gain=33.6792 23.3531 20.822 10.1792 7.12271 9.02748 5.95711 8.83947 5.40066 3.96913 6.16467 2.52375 1.74563 3.99617 0.759322 0.475659 0.000404293
threshold=0.023642530927290902 0.91535389753182639 33.417338410733571 -0.32328142449015873 0.0035222735351758687 88.380674214880486 3.2439600137157751 -1.0000000180025095e-35 0.0031692861439176494 0.0010643233325391412 -0.0010913382872961284 0.0013150390001213099 0.0017121192705193968 -0.012295950141657184 0.028064985432072337 0.00062765992505275936 0.43033945412279712
decision_type=2 2 2 2 2 2 2 2 2 2 2 2 2 2 2 2 2
left_child=1 2 9 11 5 6 -5 -8 14 10 -1 -4 13 -3 15 -2 -16
right_child=8 12 3 4 -6 -7 7 -9 -10 -11 -12 -13 -14 -15 16 -17 -18
leaf_value=-0.018756552264457299 0.0084003331527981485 0.012753012942745459 0.0018461848941155915 0.0044507277238606795 0.005553366847630312 -0.01948217589684758 -0.0019943029974862033 -0.018144409777642773 0.0016955477188702205 -0.020798913577763901 -0.0030804391431791195 0.011082278117921172 0.013293592952958337 -0.00018014287455485526 0.014712561912517772 0.012916127768621135 0.014843741085464468
leaf_weight=5.1746838837862024 4.4724487960338646 4.4358565658330908 8.4314396232366544 5.3130276054144003 4.8681882470846167 5.138958901166915 9.2424038797616976 5.3512344956397966 5.7496161460876456 7.4261346608400336 4.8690618574619302 4.5577430278062812 4.5713980197906485 5.1778252124786368 4.5709727555513364 4.8750048726797104 4.8341973274946213
leaf_count=21 20 20 36 23 21 21 39 22 25 30 20 20 20 23 21 22 22
internal_value=0 -0.00333959 -0.0060524 -0.00230491 -0.00551463 -0.00766595 -0.00461555 -0.00791627 0.0101743 -0.0152556 -0.011157 0.00508702 0.00820638 0.00578735 0.0127739 0.0107555 0.01478
internal_weight=0 74.558 60.3729 42.903 29.9138 25.0456 19.9067 14.5936 24.5022 17.4699 10.0437 12.9892 14.1851 9.61368 18.7526 9.34745 9.40517
internal_count=426 316 253 182 126 105 84 61 110 71 41 56 63 43 85 42 43
is_linear=0
shrinkage=0.01


Tree=19
num_leaves=17
num_cat=0
split_feature=11 7 9 9 8 2 3 1 2 6 2 11 7 9 11 1
split_gain=33.0978 22.902 20.3557 7.4703 13.9434 8.647 4.39554 4.22795 4.0564 3.79849 2.70249 1.34002 1.29412 1.27925 1.15862 0.00272993
threshold=0.023642530927290902 0.91535389753182639 33.417338410733571 85.157975632229309 3.2794989064679778 -0.0038846205024651854 0.002906786492513636 0.0017743692847635997 -0.00043167346402639412 1.0000000180025095e-35 -0.0003799509767334896 0.015384047334443828 0.6455648081035662 97.686248542488357 0.028064985432072337 0.00027136724463239231
decision_type=2 2 2 2 2 2 2 2 2 2 2 2 2 2 2 2
left_child=1 2 8 4 7 -6 14 -4 -1 -7 -3 -10 -9 -5 -2 -16
right_child=6 10 3 13 5 9 -8 12 11 -11 -12 -13 -14 -15 15 -17
leaf_value=-0.0073235102561510822 0.0096334259021808536 0.012258443499215026 0.012667574905408992 -0.01365125658820754 0.0051983211837140653 -0.01691191705080379 0.0030973895896152666 0.0058129708054400955 -0.021652083906003438 -0.0057318752609332706 0.0035013992655949762 -0.015107773573294665 -0.0015050859917203785 -0.0063603643430810101 0.014663090244986157 0.014987532561025909
leaf_weight=4.8672547191381481 7.3608445972204271 7.5033212751150131 6.6752998232841518 4.8582237660884839 4.655454650521281 5.5683651417493802 6.5455487668514243 5.0690028071403486 5.7141555398702604 6.6901051998138428 6.6451622694730741 6.9154574126005173 4.617947980761528 4.7687680572271347 5.8536048382520658 4.6565176397562027
leaf_count=20 33 34 29 20 20 23 29 22 23 28 29 28 20 20 27 21
internal_value=0 -0.00330649 -0.00598908 -0.00228176 -3.73424e-05 -0.00640407 0.0101082 0.00654405 -0.0150796 -0.0108104 0.0081455 -0.0180687 0.00232432 -0.0100397 0.012676 0.0148068
internal_weight=0 74.5485 60.4 42.9032 33.2762 16.9139 24.4165 16.3623 17.4969 12.2585 14.1485 12.6296 9.68695 9.62699 17.871 10.5101
internal_count=426 316 253 182 142 71 110 71 71 51 63 51 42 40 81 48
is_linear=0
shrinkage=0.01


Tree=20
num_leaves=15
num_cat=0
split_feature=11 8 8 0 4 3 10 0 4 2 4 3 11 2
split_gain=32.5258 16.412 15.8833 13.7815 11.2084 8.40687 7.37998 5.34335 5.28237 14.5537 3.87358 7.01553 0.586925 0.00211126
threshold=0.023642530927290902 3.2794989064679778 3.2295786595217515 3.1893892261078478 0.0034418812104877188 0.0018271892919685675 -0.042353163355003852 3.3927454703132174 0.0013678525558853407 -0.0003799509767334896 0.0010307710108665715 -0.00043057990568806653 0.026656161300674486 0.0011108048461883071
decision_type=2 2 2 2 2 2 2 2 2 2 2 2 2 2
left_child=1 2 4 -3 6 10 -1 12 9 -4 11 -5 -2 -14
right_child=7 3 8 5 -6 -7 -8 -9 -10 -11 -12 -13 13 -15
leaf_value=-0.00070305557594118272 0.010418581603935618 0.0048581326107251088 0.012505471221736173 -0.017539260699244524 0.007442780927280796 -0.0022914267331320655 -0.015643964121625109 0.0037033798708655508 0.013798313125572217 -0.0074061427483019197 -0.022595262376519792 -0.0033590082466676079 0.01459177325441019 0.0148665880888883
leaf_weight=5.2152255922555932 4.4242594838142422 6.300467535853385 7.9786070287227639 9.5843654870986956 4.8378405123949042 7.201104834675788 9.0305509120225906 8.5990065634250623 7.1834614723920813 6.7987772673368463 4.9217584431171408 5.4859479963779476 6.2527426928281766 5.0559437274932861
leaf_count=22 20 27 36 39 21 30 37 38 32 29 20 23 29 23
internal_value=0 -0.00327377 0.00096505 -0.0084682 -0.00570821 -0.0115558 -0.0101743 0.0100421 0.006764 0.00334454 -0.0148928 -0.0123773 0.0135065 0.0147146
internal_weight=0 74.5381 41.0445 33.4936 19.0836 27.1932 14.2458 24.332 21.9608 14.7774 19.9921 15.0703 15.7329 11.3087
internal_count=426 316 177 139 80 112 59 110 97 65 82 62 72 52
is_linear=0
shrinkage=0.01


Tree=21
num_leaves=18
num_cat=0
split_feature=7 9 2 4 9 2 5 7 2 6 4 6 9 5 5 10 5
split_gain=16.5433 16.8403 26.953 8.5514 9.80918 6.94705 6.11832 5.04685 5.37898 4.38664 7.73854 4.24511 5.304 3.88405 1.84436 1.09218 0.707981
threshold=0.91269752265897963 33.417338410733571 -0.00083973685950589061 0.0013150390001213099 88.380674214880486 -0.0001164596709697374 -0.0020039978942711918 0.48386203724602228 0.0019692411239398138 0.024655849800248267 0.002380304046568416 -0.044284230303477383 53.497089849594062 0.0047874294300243045 0.0027373812249893441 -0.18785805786618687 -0.00082538855271807588
decision_type=2 2 2 2 2 2 2 2 2 2 2 2 2 2 2 2 2
left_child=1 2 -1 4 5 11 -7 14 -9 -4 -11 12 -3 15 -5 -2 -17
right_child=13 3 9 7 -6 6 -8 8 -10 10 -12 -13 -14 -15 -16 16 -18
leaf_value=0.010051084167252495 0.014925749305763177 0.0083861808397819714 -0.021491992575094179 0.015022877529469297 -0.013759048647922543 0.0033602226541209002 -0.010091176442743514 0.0074589560066081933 -0.007495384459022654 -0.0020744766804345533 -0.019943518709091144 0.013133317484743728 -0.0060103418746606119 0.00037041257946788289 0.0070424063597436005 0.0060874802187240893 0.011482129773081868
leaf_weight=5.4144733846187618 4.6331471353769311 5.3246654421091062 7.21032686531544 4.4318090379238155 6.0860598236322394 5.5796089321374884 8.5828954428434354 4.9711975753307325 4.6599816083908081 4.7493297904729825 4.94908806681633 4.4829690456390408 4.9271628111600876 4.5967378616332999 8.3563176542520505 4.4524234682321548 5.3630011528730392
leaf_count=24 21 23 29 20 25 24 36 22 20 20 20 20 21 20 37 20 24
internal_value=0 -0.00199689 -0.00936682 0.000869184 -0.00222063 0.000209471 -0.00479172 0.00569057 0.000223398 -0.0155848 -0.011193 0.00501642 0.00146702 0.00837679 0.00980809 0.010924 0.00903504
internal_weight=0 79.7259 22.3232 57.4027 34.9834 28.8973 14.1625 22.4193 9.63118 16.9087 9.69842 14.7348 10.2518 19.0453 12.7881 14.4486 9.81542
internal_count=426 341 93 248 149 124 60 99 42 69 40 64 44 85 57 65 44
is_linear=0
shrinkage=0.01


Tree=22
num_leaves=17
num_cat=0
split_feature=11 8 8 0 4 10 0 0 11 4 4 2 1 11 5 1
split_gain=31.6762 15.8304 15.3943 13.3155 10.832 7.1283 5.71007 11.6748 16.446 5.28824 5.20399 14.166 2.54356 0.738688 0.481878 0.000758322
threshold=0.023642530927290902 3.2794989064679778 3.2295786595217515 3.1893892261078478 0.0034418812104877188 -0.042353163355003852 3.3904915161132689 3.425616215139796 0.015523237256787696 0.0031692861439176494 0.0013678525558853407 -0.0003799509767334896 -0.00068522378796864725 0.028064985432072337 -0.0024545699659721527 0.00010229510360826312
decision_type=2 2 2 2 2 2 2 2 2 2 2 2 2 2 2 2
left_child=1 2 4 -3 5 -1 12 8 -8 13 11 -4 -5 14 -2 -15
right_child=9 3 10 6 -6 -7 7 -9 -10 -11 -12 -13 -14 15 -16 -17
leaf_value=-0.00067986402060075837 0.0081636383032024796 0.0047959795666770236 0.012375245329976466 -0.01240198762209375 0.0073458089482407573 -0.015356639366513075 -0.01372885620813491 -0.02030448953393103 0.010669344598178775 0.0015428432081259547 0.013683226407865453 -0.0072929104954450943 -0.02193863848091774 0.014452462173373704 0.012734445265451951 0.01463380044070566
leaf_weight=5.2147456556558618 4.4237154573202133 6.2875707596540442 7.917643442749978 6.0558257699012756 4.8195413351058951 9.0560961067676544 5.6512702703475934 4.9305981546640387 5.4052868485450745 5.7212885767221442 7.1354869604110709 6.813173085451127 5.196670740842821 4.4759243279695493 4.8191474676132255 4.7569629848003387
leaf_count=22 20 27 36 25 21 37 23 20 23 25 32 29 21 21 22 22
internal_value=0 -0.00322575 0.000945348 -0.00832115 -0.00561608 -0.00999356 -0.0113489 -0.00750777 -0.00180116 0.0099438 0.0066738 0.0032785 -0.0168062 0.0125453 0.0105468 0.0145459
internal_weight=0 74.4839 40.9567 33.5272 19.0904 14.2708 27.2397 15.9872 11.0566 24.197 21.8663 14.7308 11.2525 18.4758 9.24286 9.23289
internal_count=426 316 177 139 80 59 112 66 46 110 97 65 46 85 42 43
is_linear=0
shrinkage=0.01


Tree=23
num_leaves=15
num_cat=0
split_feature=11 8 8 0 4 10 9 6 0 4 1 11 9 1
split_gain=31.134 15.5014 15.1091 13.0324 10.6064 6.96388 6.79281 10.0079 5.24621 5.13838 11.9301 0.57938 0.447512 0.00234963
threshold=0.023642530927290902 3.2794989064679778 3.2295786595217515 3.1893892261078478 0.0034418812104877188 -0.042353163355003852 60.93738234764924 0.024655849800248267 3.3927454703132174 0.0013678525558853407 0.00030428925296943637 0.026656161300674486 10.036752445180726 0.00030428925296943637
decision_type=2 2 2 2 2 2 2 2 2 2 2 2 2 2
left_child=1 2 4 -3 5 -1 7 12 11 10 -4 -2 -5 -13
right_child=8 3 9 6 -6 -7 -8 -9 -10 -11 -12 13 -14 -15
leaf_value=-0.00067296809909404886 0.010263070416157016 0.0047539337861102829 0.011317352633410384 -0.018069731333430986 0.0072875219108243386 -0.015173740768973492 -0.0022046899408065005 -0.0062175445386395845 0.0035948154898074302 0.013607949386039818 -0.0068042083498979899 0.014421782273864581 -0.022000138642577119 0.014713576965119617
leaf_weight=5.2154946625232705 4.3868553787469891 6.27978791296482 8.1613112688064593 5.4519107192754799 4.8095581829547873 9.0735135227441788 6.3913215100765219 9.2398276776075345 8.5631144344806653 7.1033709347248069 6.547411084175109 6.1623346060514432 6.1813304424285889 4.9976022988557816
leaf_count=22 20 27 37 22 21 37 27 38 38 32 28 29 25 23
internal_value=0 -0.0031946 0.000937104 -0.00823365 -0.00555745 -0.00988095 -0.0112251 -0.0139871 0.00988017 0.0066237 0.00325076 0.0133421 -0.0201582 0.0145525
internal_weight=0 74.4548 40.9107 33.5442 19.0986 14.289 27.2644 20.8731 24.1099 21.8121 14.7087 15.5468 11.6332 11.1599
internal_count=426 316 177 139 80 59 112 85 110 97 65 72 47 52
is_linear=0
shrinkage=0.01


Tree=24
num_leaves=17
num_cat=0
split_feature=11 7 9 10 4 9 8 4 4 4 0 11 4 11 4 4
split_gain=30.6005 21.009 18.5744 9.60282 6.48463 8.11149 5.6811 8.17769 5.2257 3.82412 3.58553 3.43994 2.30536 0.733689 0.480211 0.000740508
threshold=0.023642530927290902 0.91535389753182639 33.417338410733571 -0.32328142449015873 0.0035222735351758687 88.380674214880486 3.2439600137157751 -1.0000000180025095e-35 0.0031692861439176494 0.0010643233325391412 3.3482332076660821 0.012560453329104732 0.0013150390001213099 0.028064985432072337 0.00062765992505275936 -0.0010813170374988077
decision_type=2 2 2 2 2 2 2 2 2 2 2 2 2 2 2 2
left_child=1 2 9 12 5 6 -5 -8 13 11 -3 -1 -4 14 -2 -15
right_child=8 10 3 4 -6 -7 7 -9 -10 -11 -12 -13 -14 15 -16 -17
leaf_value=-0.016042003818600478 0.0080376665682567825 0.014530066134750948 0.0019499082125182643 0.004448465115841454 0.0053349051470010832 -0.018453269701553282 -0.001924575962835576 -0.01742610699028518 0.0014607143861205521 -0.019800049583644536 0.0040242075298387208 -0.0043674550201112114 0.010814893727920839 0.014337276862749146 0.012616275947654954 0.014517338824041541
leaf_weight=5.1896040290594119 4.3967138230800682 5.139515131711959 8.4423831105232221 5.302527457475672 4.8280050307512274 5.1911198943853369 9.2403788864612597 5.3872249126434282 5.7063136398792258 7.471430391073226 8.8293827921152097 4.9134969562292099 4.4955525547265998 4.6415086239576366 4.7822162210941315 4.4965704977512315
leaf_count=21 20 24 36 23 21 21 39 22 25 30 39 20 20 22 22 21
internal_value=0 -0.00316357 -0.00571726 -0.00216917 -0.00527927 -0.00731919 -0.00441914 -0.00763366 0.00981684 -0.0143757 0.00788958 -0.0103643 0.00503023 0.01242 0.0104231 0.0144259
internal_weight=0 74.4306 60.4617 42.8872 29.9493 25.1213 19.9301 14.6276 24.0233 17.5745 13.9689 10.1031 12.9379 18.317 9.17893 9.13808
internal_count=426 316 253 182 126 105 84 61 110 71 63 41 56 85 42 43
is_linear=0
shrinkage=0.01


Tree=25
num_leaves=16
num_cat=0
split_feature=7 9 5 10 4 9 4 7 5 10 5 9 10 4 0
split_gain=15.6061 15.698 13.4244 8.04757 7.68069 6.49571 5.33181 4.4408 4.24297 4.91056 3.77 2.23371 2.89979 1.96 1.55018
threshold=0.91269752265897963 33.417338410733571 -0.0044349443012019476 -0.32328142449015873 0.0013083043945918418 85.157975632229309 0.0013150390001213099 0.48386203724602228 -0.001552160609258779 0.3126751583726069 0.0047874294300243045 62.928703497821239 -0.67765173262652867 -0.0011064925638215593 3.3482332076660821
decision_type=2 2 2 2 2 2 2 2 2 2 2 2 2 2 2
left_child=1 2 -1 11 5 8 13 -6 -5 -10 14 -3 -13 -4 -2
right_child=10 3 6 4 7 -7 -8 -9 9 -11 -12 12 -14 -15 -16
leaf_value=0.0055114442357079201 0.014483924224263485 0.0011535960211062788 -0.013164111539896503 0.003467012704388088 0.0090027827115010291 -0.015163244761021905 -0.019763615342006394 -0.0017623259393955146 -0.014004702909485226 -0.00082232011467632863 0.00029395303840120112 0.0025385096908635612 0.012618990308662795 -0.0043676320528062947 0.0078334400991399086
leaf_weight=4.9299992024898556 6.1878616362810162 5.4877285659313229 4.7976792454719579 7.3415041863918331 8.0210990756750089 5.1365795880556098 7.2086978107690802 7.3373035937547675 4.7944830656051654 6.8819580525159836 4.5850796997547141 4.5664145052433023 7.6082687824964497 5.3661805987358075 8.0835612565278989
leaf_count=22 29 24 20 32 36 21 29 32 20 29 20 20 34 22 36
internal_value=0 -0.00193663 -0.00905247 0.000839069 -0.00166925 -0.00518489 -0.0131854 0.00385987 -0.00248983 -0.00623516 0.00818256 0.00645049 0.00883806 -0.00851986 0.010717
internal_weight=0 79.4779 22.3026 57.1753 39.5129 24.1545 17.3726 15.3584 19.0179 11.6764 18.8565 17.6624 12.1747 10.1639 14.2714
internal_count=426 341 93 248 170 102 71 68 81 49 85 78 54 42 65
is_linear=0
shrinkage=0.01


Tree=26
num_leaves=15
num_cat=0
split_feature=7 9 2 9 8 8 5 8 6 6 2 5 0 0
split_gain=15.333 15.3776 25.1959 6.31579 10.5076 8.88766 6.86172 8.94421 5.62824 4.04008 7.12918 3.7205 2.10704 1.54118
threshold=0.91269752265897963 33.417338410733571 -0.00083973685950589061 85.157975632229309 3.2058606609014846 3.1600604936093508 -0.001552160609258779 3.2439600137157751 0.017832993844634219 0.024655849800248267 0.0019548051952076322 0.0047874294300243045 3.3350028981861741 3.3482332076660821
decision_type=2 2 2 2 2 2 2 2 2 2 2 2 2 2
left_child=1 2 -1 4 -3 -5 12 -8 -9 -4 -11 13 -6 -2
right_child=11 3 9 5 6 -7 7 8 -10 10 -12 -13 -14 -15
leaf_value=0.009940170703813752 0.014419552334608478 0.012638673596327475 -0.020589256619946799 0.0050813481126101272 0.0020310649348650777 -0.012516982680103103 0.0062477514575259088 -0.0027670085973265359 -0.015329589914128363 -0.0019287860400974916 -0.019068649771396599 0.00029103840905539847 0.0095685492025848612 0.0077743723290103484
leaf_weight=5.3599108606576946 6.1535029709339168 8.3989578336477262 7.2380816787481335 4.7256818264722806 8.1724106520414299 7.3071487993001938 6.7144997566938462 9.2031151056289655 5.8225555419921866 4.731529161334036 4.9819167107343674 4.5846941620111457 6.7900727391242972 8.0636285096406919
leaf_count=24 29 38 29 21 36 30 30 39 24 20 20 20 30 36
internal_value=0 -0.00191796 -0.00895831 0.000831354 0.00254868 -0.00560555 0.000239707 -0.00334735 -0.0076351 -0.0149338 -0.0107196 0.00812446 0.00545162 0.0106506
internal_weight=0 79.4459 22.3114 57.1344 45.1016 12.0328 36.7027 21.7402 15.0257 16.9515 9.71345 18.8018 14.9625 14.2171
internal_count=426 341 93 248 197 51 159 93 63 69 40 85 66 65
is_linear=0
shrinkage=0.01


Tree=27
num_leaves=17
num_cat=0
split_feature=11 7 9 10 4 9 4 2 0 2 9 11 11 11 5 4
split_gain=29.6363 19.9154 17.4599 9.19238 6.22833 7.68589 5.18059 3.70584 3.49792 3.18493 6.65311 2.27963 1.24944 0.738918 0.48304 0.000852538
threshold=0.023642530927290902 0.91535389753182639 33.417338410733571 -0.32328142449015873 0.0035222735351758687 88.380674214880486 0.0031692861439176494 -0.00043167346402639412 3.3482332076660821 0.00083285925625031798 47.225056982711074 0.016367483989787303 0.015384047334443828 0.028064985432072337 -0.0024545699659721527 -0.0010813170374988077
decision_type=2 2 2 2 2 2 2 2 2 2 2 2 2 2 2 2
left_child=1 2 7 11 5 9 13 -1 -3 10 -5 -4 -9 14 -2 -15
right_child=6 8 3 4 -6 -7 -8 12 -10 -11 -12 -13 -14 15 -16 -17
leaf_value=-0.0065847563811136933 0.0078970789852337835 0.014337882888890157 -0.00061248499218251101 0.0015248136702302462 0.0052448329228972539 -0.017990000226294097 0.0013735822294503772 -0.020275585952807502 0.0038970769733097672 0.0004363508262878371 -0.013838127647943324 0.0081186157932118027 -0.013974026367645605 0.014235591844978596 0.012506656171841365 0.014429645900191905
leaf_weight=4.8989666104316738 4.3653468191623688 5.0540025234222403 4.718799799680709 4.7008131444454282 4.8098612725734702 5.209945321083068 5.6892024278640738 5.7426249384880048 8.7888575941324216 8.1925763189792615 7.04116390645504 8.1640777438878995 6.9597428143024445 4.5971878468990353 4.74365077912808 4.4607031047344163
leaf_count=20 20 24 20 20 21 21 25 23 39 35 29 36 28 22 22 21
internal_value=0 -0.0031103 -0.00558836 -0.00214307 -0.00518101 -0.00717536 0.00970089 -0.0139733 0.007709 -0.00434892 -0.00768769 0.00492055 -0.0168229 0.0123087 0.0102976 0.0143312
internal_weight=0 74.2814 60.4386 42.8372 29.9544 25.1445 23.8561 17.6013 13.8429 19.9346 11.742 12.8829 12.7024 18.1669 9.109 9.05789
internal_count=426 316 253 182 126 105 110 71 63 84 49 56 51 85 42 43
is_linear=0
shrinkage=0.01


Tree=28
num_leaves=15
num_cat=0
split_feature=11 7 9 4 9 0 0 5 7 4 3 0 11 5
split_gain=29.1324 19.5382 17.0957 8.22787 7.91173 5.12548 4.93502 5.42736 4.78536 3.59929 5.59947 3.46546 0.575849 0.00279518
threshold=0.023642530927290902 0.91535389753182639 33.417338410733571 0.0026459326069387949 88.380674214880486 3.3927454703132174 3.1893892261078478 -0.0012350118539645736 0.6652833237740664 0.0010643233325391412 -0.0010913382872961284 3.3482332076660821 0.026656161300674486 0.0031402023062514499
decision_type=2 2 2 2 2 2 2 2 2 2 2 2 2 2
left_child=1 2 9 4 6 12 -4 -8 -9 10 -1 -3 -2 -14
right_child=5 11 3 -5 -6 -7 7 8 -10 -11 -12 -13 13 -15
leaf_value=-0.01713926298391567 0.010017162412279686 0.01427624713968147 0.0054213247579324528 0.0064683830220643845 -0.014348328171137445 0.0034189078635302366 0.0017789604662887054 -0.002531350951734001 -0.014940488509494698 -0.019082970834566657 -0.00225706411843609 0.0038628148113010754 0.014199567498146656 0.014527173757377995
leaf_weight=5.224995732307435 4.3246277719736126 5.0252086222171775 6.72359471023083 8.8468604981899244 6.4279097467660895 8.5050769299268705 8.3977551907300949 6.3267221450805664 6.1077193170785904 7.4873382896184912 4.8983661085367212 8.7781977355480176 6.6622547805309278 4.275913879275322
leaf_count=21 20 24 29 39 26 38 36 27 25 30 20 39 32 20
internal_value=0 -0.00308065 -0.00553217 -0.0021219 -0.00435818 0.00963976 -0.00202779 -0.00443199 -0.00862664 -0.0138262 -0.00993825 0.00765388 0.0131063 0.0143276
internal_weight=0 74.2447 60.4413 42.8306 33.9837 23.7679 27.5558 20.8322 12.4344 17.6107 10.1234 13.8034 15.2628 10.9382
internal_count=426 316 253 182 143 110 117 88 52 71 41 63 72 52
is_linear=0
shrinkage=0.01


Tree=29
num_leaves=16
num_cat=0
split_feature=11 8 8 0 9 9 3 0 10 9 1 3 3 11 5
split_gain=28.6372 14.1727 13.8478 12.1748 8.6751 13.5227 7.93504 5.07735 4.68829 3.83624 3.47902 2.72589 0.890101 0.573886 0.00268016
threshold=0.023642530927290902 3.2794989064679778 3.2295786595217515 3.1893892261078478 76.665177725077797 85.157975632229309 0.0018271892919685675 3.3927454703132174 0.51935718957195498 60.93738234764924 0.00045187848792083157 -0.0011336258621224002 0.00065827216954739154 0.026656161300674486 0.0031402023062514499
decision_type=2 2 2 2 2 2 2 2 2 2 2 2 2 2 2
left_child=1 2 4 -3 -1 -6 9 13 11 10 -5 -4 -13 -2 -15
right_child=7 3 8 6 5 -7 -8 -9 -10 -11 -12 12 -14 14 -16
leaf_value=-0.016366556934021392 0.0099538516643991621 0.0047132197355198571 0.0033262383388800178 -0.02004419346319105 0.011554628806654442 -0.0088073482249943786 -0.0017468877246123921 0.0033884436884282221 -0.0012953805381926637 -0.0061339242119343622 -0.010166528214920072 0.014764104528019231 0.0089223422738142228 0.014140378092697845 0.01446208102751426
leaf_weight=5.1549061685800579 4.3086929619312313 6.2648249715566626 5.2236364185810098 9.6889137923717552 5.2145577371120444 8.7083499580621702 7.2133588045835486 8.4957747608423215 5.7758939564228049 4.76229004561901 5.6421718001365653 5.8474889695644379 4.7084686607122421 6.6234351396560651 4.252326026558876
leaf_count=21 20 27 24 39 23 36 30 38 25 20 23 27 21 32 20
internal_value=0 -0.00305141 0.000921001 -0.00785941 -0.00528432 -0.00118116 -0.0107439 0.00957892 0.00641306 -0.0139737 -0.016409 0.00923462 0.0121584 0.0130425 0.0142662
internal_weight=0 74.2049 40.6333 33.5716 19.0778 13.9229 27.3067 23.6802 21.5555 20.0934 15.3311 15.7796 10.556 15.1845 10.8758
internal_count=426 316 177 139 80 59 112 110 97 82 62 72 48 72 52
is_linear=0
shrinkage=0.01


Tree=30
num_leaves=16
num_cat=0
split_feature=11 7 9 4 9 4 0 6 4 3 0 11 11 4 1
split_gain=28.1505 18.9531 16.4015 8.03276 7.6311 5.11916 4.77339 5.28115 3.56982 5.4195 3.41949 3.36222 0.732877 0.478693 0.00116005
threshold=0.023642530927290902 0.91535389753182639 33.417338410733571 0.0026459326069387949 88.380674214880486 0.0031692861439176494 3.1893892261078478 0.048530256541365009 0.0010643233325391412 -0.0010913382872961284 3.3482332076660821 0.016316450762876439 0.028064985432072337 0.00062765992505275936 0.00010229510360826312
decision_type=2 2 2 2 2 2 2 2 2 2 2 2 2 2 2
left_child=1 2 8 4 6 12 -4 11 9 -1 -3 -8 13 -2 -14
right_child=5 10 3 -5 -6 -7 7 -9 -10 -11 -12 -13 14 -15 -16
leaf_value=-0.016762869816834131 0.0077270341008125569 0.014191508678364148 0.0053329794158977692 0.0064113846311887714 -0.014097200405636069 0.0012291315621573947 -0.0043036113503301084 0.0014076183738097182 -0.018787573229519117 -0.0021278032772172706 0.0038156912840272661 -0.015134472071489649 0.014051132497138429 0.012339538513767963 0.014279391925556511
leaf_weight=5.2304517775774011 4.326795578002935 4.9824212193489066 6.7048413306474712 8.8228810429573041 6.440402776002883 5.6618288606405249 6.9712142646312731 8.9965549707412702 7.4902253001928321 4.9013885855674753 8.761963874101637 4.8673061579465866 4.307956323027609 4.6876809448003769 4.6080463379621506
leaf_count=21 20 24 29 39 26 25 29 39 30 20 39 20 21 22 22
internal_value=0 -0.00302224 -0.00543315 -0.00209026 -0.00429768 0.0095187 -0.002006 -0.00436772 -0.0135529 -0.009683 0.00757699 -0.00875663 0.0121363 0.0101256 0.0141691
internal_weight=0 74.1697 60.4253 42.8032 33.9803 23.5923 27.5399 20.8351 17.6221 10.1318 13.7444 11.8385 17.9305 9.01448 8.916
internal_count=426 316 253 182 143 110 117 88 71 41 63 49 85 42 43
is_linear=0
shrinkage=0.01


Tree=31
num_leaves=17
num_cat=0
split_feature=7 9 6 10 4 9 4 6 8 5 10 7 1 9 10 4
split_gain=14.2927 13.9917 15.7418 7.57099 7.004 5.8763 4.92447 9.49265 4.81055 3.91049 4.71744 3.75667 3.67082 2.17508 2.82975 1.36507
threshold=0.91269752265897963 33.417338410733571 -0.049024107344008742 -0.32328142449015873 0.0013083043945918418 85.157975632229309 0.0013150390001213099 0.024494121152270679 3.2058606609014846 -0.001552160609258779 0.3126751583726069 0.97946619487905606 -0.00018761245739518093 62.928703497821239 -0.67765173262652867 -0.00083025010303683356
decision_type=2 2 2 2 2 2 2 2 2 2 2 2 2 2 2 2
left_child=1 2 -1 13 5 9 7 -4 -6 -5 -11 12 -2 -3 -15 -14
right_child=11 3 6 4 8 -7 -8 -9 -10 10 -12 -13 15 14 -16 -17
leaf_value=0.0085550649213699589 0.012393535272827319 0.0010179082589750435 -0.016928651834011123 0.0033171064754534459 0.0089162662043129198 -0.014465087125971159 -0.01890858690048474 0.002221233511248089 -0.0023642044308580744 -0.013617005625988211 -0.00070616006427817279 0.014995898115594699 0.0053046817224351277 0.0023944441258900375 0.012404002663120188 -0.0025944411830016545
leaf_weight=4.3223449885845211 4.4955840110778817 5.4507955610752132 5.7283384352922457 7.2957649827003506 8.1246095150709134 5.1569928228855124 7.4669346809387198 4.7226090729236603 7.070245996117591 4.8051366060972232 6.8852554559707642 5.3211395591497412 4.2902821004390717 4.5316949188709268 7.496462166309354 4.4641826301813126
leaf_count=20 21 24 23 32 37 21 30 20 31 20 29 24 20 20 34 20
internal_value=0 -0.00185021 -0.0085743 0.000781843 -0.00165142 -0.0049989 -0.0127064 -0.00827514 0.0036674 -0.00242771 -0.00601294 0.00789869 0.00504849 0.00625812 0.00863283 0.00127667
internal_weight=0 79.0572 22.2402 56.817 39.338 24.1431 17.9179 10.4509 15.1949 18.9862 11.6904 18.5712 13.25 17.479 12.0282 8.75446
internal_count=426 341 93 248 170 102 73 43 68 81 49 85 61 78 54 40
is_linear=0
shrinkage=0.01


Tree=32
num_leaves=17
num_cat=0
split_feature=11 7 9 10 4 9 4 2 2 3 2 11 11 11 2 1
split_gain=27.4586 18.3047 15.7282 8.67192 5.76595 7.08345 5.07979 3.60212 3.09628 8.63396 2.44802 2.15585 1.22357 0.73189 0.496594 0.00134403
threshold=0.023642530927290902 0.91535389753182639 33.417338410733571 -0.32328142449015873 0.0035222735351758687 88.380674214880486 0.0031692861439176494 -0.00043167346402639412 0.00083285925625031798 -0.00064609451060748657 -0.0003799509767334896 0.016367483989787303 0.015384047334443828 0.028064985432072337 0.0008667984544807884 0.00010229510360826312
decision_type=2 2 2 2 2 2 2 2 2 2 2 2 2 2 2 2
left_child=1 2 7 11 5 8 13 -1 9 -5 -3 -4 -9 14 -2 -15
right_child=6 10 3 4 -6 -7 -8 12 -10 -11 -12 -13 -14 15 -16 -17
leaf_value=-0.0060300363046727522 0.01237377812157436 0.011519080032117521 -0.00056160185187993726 0.0010677215109383808 0.0050553661147725495 -0.017285864767762078 0.0011702009883952224 -0.019529414250120107 0.00050795711640130696 -0.01607336282992267 0.0030466631743497302 0.0079433658089433385 -0.01329370694535373 0.013966077712244673 0.0076664079662747079 0.014212753568032688
leaf_weight=4.9170088618993786 4.5189752131700569 7.1326392740011215 4.7161531448364249 5.8785109370946902 4.777229815721511 5.23062740266323 5.649593621492385 5.7386977076530439 8.191698491573332 5.8756936341524195 6.5349230468273145 8.0978615731000883 6.9668908715248108 4.2690660804510099 4.4456887543201447 4.5768353193998337
leaf_count=20 21 34 20 25 21 21 25 23 35 24 29 36 28 21 21 22
internal_value=0 -0.00298229 -0.00534743 -0.00207152 -0.00501673 -0.0069279 0.00943224 -0.0132976 -0.00421162 -0.00750077 0.00746813 0.00481314 -0.0161102 0.012053 0.0100393 0.0140937
internal_weight=0 74.0579 60.3904 42.7678 29.9538 25.1765 23.4602 17.6226 19.9459 11.7542 13.6676 12.814 12.7056 17.8106 8.96466 8.8459
internal_count=426 316 253 182 126 105 110 71 84 49 63 56 51 85 42 43
is_linear=0
shrinkage=0.01


Tree=33
num_leaves=15
num_cat=0
split_feature=2 8 3 0 3 10 6 2 10 8 8 10 10 3
split_gain=12.1346 15.857 8.83525 12.5117 12.2666 7.32184 5.87832 13.0518 5.82435 4.93078 4.34834 3.56596 0.927111 0.459181
threshold=-0.0016272646076358475 3.2794989064679778 -0.0004994676177934031 3.425616215139796 0.0012740189235882495 -0.16218255512720678 0.097378706976130061 0.00093208593721927368 0.19876979782153689 3.2297823567890185 3.2687905952218022 -0.50366012770476021 0.012220079115399475 -0.0024330960638163641
decision_type=2 2 2 2 2 2 2 2 2 2 2 2 2 2
left_child=8 5 12 4 -4 9 7 10 13 11 -7 -2 -3 -1
right_child=1 2 3 -5 -6 6 -8 -9 -10 -11 -12 -13 -14 -15
leaf_value=0.014333919250093578 -0.0031960240639935513 -0.017055697038502904 -0.0041962041386462492 -0.013470449035881333 0.015783456576100238 -0.010044504143137565 -0.0076710735375229025 0.011405542655003568 0.00032795619777295932 0.013356426222753395 0.0020308597119671223 0.0082229683777902043 -0.011308037520370221 0.01002698072341723
leaf_weight=5.8684073835611352 5.2268388122320184 5.5615706443786603 9.2078627347946185 7.6471855193376532 4.6120339632034293 6.774843513965612 9.1543589383363706 8.5596898496150953 6.3868382275104514 7.3689422309398642 5.3268488347530365 5.7358840852975854 5.6649859100580215 4.2813732177019128
leaf_count=28 23 23 39 32 20 28 39 39 28 34 24 26 23 20
internal_value=0 -0.00159221 -0.00696685 -0.00320748 0.00247149 0.00205735 -0.0010004 0.00195515 0.0078094 0.00703066 -0.00472924 0.00277859 -0.0141554 0.0125172
internal_weight=0 80.841 32.6936 21.4671 13.8199 48.1474 29.8157 20.6614 16.5366 18.3317 12.1017 10.9627 11.2266 10.1498
internal_count=426 350 137 91 59 213 130 91 76 83 52 49 46 48
is_linear=0
shrinkage=0.01


Tree=34
num_leaves=17
num_cat=0
split_feature=7 9 2 10 5 9 6 5 10 7 2 6 2 9 10 10
split_gain=13.6282 13.3545 22.6524 7.20449 5.82585 10.9777 7.43777 7.41993 5.89345 3.72697 10.8801 3.63929 6.35565 2.16284 2.78049 0.478498
threshold=0.91269752265897963 33.417338410733571 -0.00083973685950589061 -0.32328142449015873 0.0048526613197921184 88.380674214880486 0.067252387558394813 -0.0018475416386780628 0.37926856616659582 0.97946619487905606 -0.0003799509767334896 0.024655849800248267 0.0019548051952076322 62.928703497821239 -0.67765173262652867 -0.074030529522204985
decision_type=2 2 2 2 2 2 2 2 2 2 2 2 2 2 2 2
left_child=1 2 -1 13 5 6 7 -5 -9 10 15 -4 -13 -3 -15 -2
right_child=9 3 11 4 -6 -7 -8 8 -10 -11 -12 12 -14 14 -16 -17
leaf_value=0.0097680636819244514 0.014226779760642322 0.00089532948141526631 -0.019376051818252603 0.0046925311608331096 0.0057593005960844389 -0.015587999448538519 0.0086824744628558222 -0.015711620319830453 -0.0015982694839215539 0.014855140383221204 -0.0070395681348516901 -0.0016724680753944729 -0.017867336879769494 0.0023224089065077866 0.012268949458535414 0.0094314979795899322
leaf_weight=5.2492939382791546 4.1618520617485046 5.4255822896957424 7.2340761870145824 6.5236218571662965 8.4430043548345548 6.1353297829627982 6.3535381257534018 5.8636476397514361 5.9723746925592422 5.2688725888729087 4.8288323432207116 4.7099651843309385 4.9913422912359238 4.5189670473337182 7.4335953295230839 4.1617576479911804
leaf_count=24 20 24 29 29 38 25 29 24 25 24 21 20 20 20 34 20
internal_value=0 -0.00180465 -0.00838199 0.000770203 -0.00160105 -0.00361553 -0.000643225 -0.00387048 -0.00859012 0.00774854 0.00490163 -0.0140078 -0.0100048 0.00613155 0.00850841 0.0118292
internal_weight=0 78.8543 22.1847 56.6697 39.2915 30.8485 24.7132 18.3596 11.836 18.4213 13.1524 16.9354 9.70131 17.3781 11.9526 8.32361
internal_count=426 341 93 248 170 132 107 78 49 85 61 69 40 78 54 40
is_linear=0
shrinkage=0.01


Tree=35
num_leaves=16
num_cat=0
split_feature=11 8 8 0 4 1 9 4 2 4 8 5 11 2 1
split_gain=26.6346 12.9215 12.6477 11.2212 8.95166 6.39705 5.56935 5.00407 12.9364 4.99728 4.32137 4.39804 0.741709 0.492 0.00218174
threshold=0.023642530927290902 3.2794989064679778 3.2295786595217515 3.1893892261078478 0.0034418812104877188 0.0016239902893300242 60.93738234764924 0.0013678525558853407 -0.0003799509767334896 0.0031692861439176494 3.305457465115945 -0.001552160609258779 0.028064985432072337 0.0008667984544807884 0.00010229510360826312
decision_type=2 2 2 2 2 2 2 2 2 2 2 2 2 2 2
left_child=1 2 4 -3 5 -1 10 8 -4 12 11 -5 13 -2 -14
right_child=9 3 7 6 -6 -7 -8 -9 -10 -11 -12 -13 14 -15 -16
leaf_value=-0.0027985049173075683 0.012246375448476539 0.0045839139153171391 0.011797323245421447 -0.0024865346115786596 0.0069013953653944702 -0.016211105293939997 -0.0020955875208843954 0.013182204295293565 -0.0071966954431475598 0.00113407688081458 -0.019401534248000292 -0.013966314385870423 0.013846312527912642 0.0075408518480125919 0.014162106471663247
leaf_weight=7.7122549712657946 4.4764423221349769 6.2329218983650199 7.586273819208146 5.3397625684738186 4.7175561636686316 6.5982084721326828 6.3655255585908881 6.8926034420728675 6.7997511625289926 5.6409341245889655 6.6972748041152945 8.8990598320961016 4.2120430022478086 4.4121299833059311 4.5520910173654556
leaf_count=32 21 27 36 22 21 27 27 32 29 25 27 36 21 21 22
internal_value=0 -0.00293654 0.00087907 -0.0075227 -0.00504463 -0.00898273 -0.0102866 0.00617623 0.00281954 0.00932774 -0.0127771 -0.00966123 0.011946 0.00991064 0.0140103
internal_weight=0 73.8412 40.3066 33.5345 19.028 14.3105 27.3016 21.2786 14.386 23.2936 20.9361 14.2388 17.6527 8.88857 8.76413
internal_count=426 316 177 139 80 59 112 97 65 110 85 58 85 42 43
is_linear=0
shrinkage=0.01


Tree=36
num_leaves=16
num_cat=0
split_feature=11 8 8 0 4 1 9 6 4 4 1 11 9 5 1
split_gain=26.1858 12.659 12.4171 10.9901 8.76954 6.25615 5.45674 8.93365 4.94426 4.94256 10.9875 0.739935 0.537626 0.491565 0.0020936
threshold=0.023642530927290902 3.2794989064679778 3.2295786595217515 3.1893892261078478 0.0034418812104877188 0.0016239902893300242 60.93738234764924 0.024655849800248267 0.0031692861439176494 0.0013678525558853407 0.00030428925296943637 0.028064985432072337 10.036752445180726 -0.0024545699659721527 0.00010229510360826312
decision_type=2 2 2 2 2 2 2 2 2 2 2 2 2 2 2
left_child=1 2 4 -3 5 -1 7 12 11 10 -4 13 -5 -2 -13
right_child=8 3 9 6 -6 -7 -8 -9 -10 -11 -12 14 -14 -15 -16
leaf_value=-0.0027695184060743962 0.0073976156523507808 0.0045437009424575134 0.010768718526743073 -0.016178877959992538 0.0068469777371142409 -0.01602778679058953 -0.0020737380767560125 -0.0053165188992706815 0.0011231299914269317 0.013114697962203839 -0.0067995171036203542 0.013793432052893288 -0.020479799418214727 0.012113764300254551 0.014103718616384488
leaf_weight=7.715029641985895 4.2507326751947403 6.2252426892518988 7.8446027487516421 5.4671377837657982 4.7075494974851599 6.6068944334983826 6.368253916501998 9.2717085033655149 5.6389659941196433 6.8589703291654578 6.517740860581398 4.1860394179820997 6.2051870822906494 4.6036057472229057 4.5253608524799347
leaf_count=32 20 27 37 22 21 27 27 38 25 32 28 21 25 22 22
internal_value=0 -0.00290917 0.000871631 -0.00744679 -0.00499374 -0.00888573 -0.0101798 -0.0126445 0.0092701 0.0061312 0.00279612 0.0118854 -0.0184653 0.00984967 0.0139546
internal_weight=0 73.7883 40.2508 33.5375 19.0295 14.3219 27.3123 20.944 23.2047 21.2213 14.3623 17.5657 11.6723 8.85434 8.7114
internal_count=426 316 177 139 80 59 112 85 110 97 65 85 47 42 43
is_linear=0
shrinkage=0.01


Tree=37
num_leaves=15
num_cat=0
split_feature=11 9 2 10 10 0 0 5 0 9 5 10 11 2
split_gain=25.7455 11.3819 15.8118 13.4215 10.3546 9.78746 4.92489 2.84832 1.94183 1.83422 1.81634 1.04787 0.58324 0.00382692
threshold=0.023642530927290902 60.200390913149526 -0.00083973685950589061 -0.16218255512720678 1.0000000180025095e-35 3.3977255458092253 3.3927454703132174 -0.00087901553161895396 3.3309318937028274 35.026308002918668 0.0029313695728439009 -0.14002663063962109 0.026656161300674486 0.0011108048461883071
decision_type=2 2 2 2 2 2 2 2 2 2 2 2 2 2
left_child=1 2 -1 8 11 9 12 -5 -3 -6 -9 -4 -2 -14
right_child=6 3 4 7 5 -7 -8 10 -10 -11 -12 -13 13 -15
leaf_value=0.0049458915845939167 0.0095484013394666455 0.0042885326972765441 -0.019216051362059103 -0.009798070372771292 -0.015255602819477559 0.0048093488504646733 0.0031004920647523231 0.002318596501165799 0.011388740923902697 -0.0067491915679043467 -0.0050032823255124056 -0.013336724684344025 0.013783296430579413 0.014166549186419627
leaf_weight=8.9736272245645505 4.2001828998327282 7.0555977672338477 7.9089825302362442 6.2916408032178888 5.136322885751726 6.3044998645782462 8.3942033946514112 6.2250989824533463 8.482915520668028 5.0049435496330261 7.4341566413640976 4.9155707210302371 5.7712857127189618 4.749618873000145
leaf_count=39 20 31 32 27 21 27 38 27 39 21 32 20 29 23
internal_value=0 -0.00288215 -0.00666696 0.00119642 -0.0102272 -0.00497493 0.00921313 -0.00423077 0.00816474 -0.0110575 -0.00166639 -0.0169625 0.0126987 0.0139563
internal_weight=0 73.7334 38.2439 35.4894 29.2703 16.4458 23.1153 19.9509 15.5385 10.1413 13.6593 12.8246 14.7211 10.5209
internal_count=426 316 160 156 121 69 110 86 70 42 59 52 72 52
is_linear=0
shrinkage=0.01


Tree=38
num_leaves=17
num_cat=0
split_feature=7 5 10 8 5 2 6 2 2 3 8 10 7 2 4 10
split_gain=13.0225 11.7888 8.52717 8.75945 11.6557 7.46975 8.00059 7.04559 6.07199 5.80343 8.29158 5.99977 3.66323 10.4688 2.09076 0.46915
threshold=0.91269752265897963 -0.0079934065391271663 -0.37082264005951276 3.3016228254173909 0.0048526613197921184 0.002497487287504097 0.083599975864769208 -0.00021210787661596339 0.00100076369770874 -0.0014343069532074535 3.2794989064679778 -0.67765173262652867 0.97946619487905606 -0.0003799509767334896 -0.00074658137738436981 -0.074030529522204985
decision_type=2 2 2 2 2 2 2 2 2 2 2 2 2 2 2 2
left_child=1 -1 9 4 5 6 7 -4 -9 -3 11 -11 13 15 -5 -2
right_child=12 2 3 14 -6 -7 -8 8 -10 10 -12 -13 -14 -15 -16 -17
leaf_value=0.014524445618888923 0.014060793300390756 0.012672047015988968 0.0040016539491113659 -0.0075089599413256172 0.0080984743494482564 -0.015410950452709044 0.0079138231520939368 -0.014550157534126152 -0.0019084009799759302 -0.0027727377273802398 -0.010201259988533058 0.012784501721033537 0.01470511405108217 -0.0068757642927626548 -0.015336800927507799 0.009279499056319751
leaf_weight=4.2046930938959113 4.0911028683185577 4.6672668904066112 5.5396185517311087 6.4447445273399353 8.3841346055269224 5.8023623675107947 5.4506388306617728 8.8710239827632957 6.6457466036081305 4.7725336998701096 5.2797446995973578 5.1582987904548627 5.2047779262065879 4.8436787426471719 7.2511027455329877 4.117808997631073
leaf_count=20 20 22 24 27 38 24 25 36 28 21 22 24 24 21 30 20
internal_value=0 -0.00176509 -0.00268733 -0.00473581 -0.00240765 -0.00513394 -0.00288431 -0.00567951 -0.00913576 0.00291767 -7.53918e-05 0.00530804 0.00761162 0.00478306 -0.0116533 0.0116624
internal_weight=0 78.4719 74.2672 54.3894 40.6935 32.3094 26.507 21.0564 15.5168 19.8778 15.2106 9.93083 18.2574 13.0526 13.6958 8.20891
internal_count=426 341 321 232 175 137 113 88 64 89 67 45 85 61 57 40
is_linear=0
shrinkage=0.01


Tree=39
num_leaves=17
num_cat=0
split_feature=11 7 9 4 9 4 5 8 4 9 3 9 6 11 3 1
split_gain=25.0388 16.4217 13.984 7.20499 6.80624 4.86394 4.06863 8.85101 4.96236 3.4062 1.91656 1.85326 1.7514 0.741993 0.49115 0.00255312
threshold=0.023642530927290902 0.91535389753182639 33.417338410733571 0.0026459326069387949 88.380674214880486 0.0031692861439176494 -0.001552160609258779 3.2439600137157751 1.0000000180025095e-35 7.6337395048233185 0.0017121192705193968 55.562580771753211 -0.039634997783029473 0.028064985432072337 0.00070654777042133976 0.00010229510360826312
decision_type=2 2 2 2 2 2 2 2 2 2 2 2 2 2 2 2
left_child=1 2 9 4 6 13 11 -8 -9 -1 12 -4 -3 14 -2 -15
right_child=5 10 3 -5 -6 -7 7 8 -10 -11 -12 -13 -14 15 -16 -17
leaf_value=-0.0080907942975440329 0.0072308935123333185 0.0093582272336270832 0.0067148513577953775 0.0061443969292299238 -0.013294177672253833 0.0010365658262295417 0.0066800433480360653 -0.0040976538413174564 -0.017384272984099204 -0.016895628063307092 0.012591483981127432 -0.0013242036483526473 0.00051862376767598686 0.013650751030590602 0.011970232437775553 0.013995967880873168
leaf_weight=8.6314902603626269 4.2079359441995674 4.106183633208274 5.6867537498474103 8.7017670422792417 6.45653311908245 5.6201284676790229 4.536854609847075 6.5250712186098081 4.93848617374897 8.948936387896536 4.3815199583768836 5.7846900075674057 4.9355159401893607 4.1130529642105085 4.5521854758262634 4.4712288826704025
leaf_count=35 20 20 25 39 26 25 20 27 20 36 20 25 23 21 22 22
internal_value=0 -0.0028384 -0.00506818 -0.00197336 -0.00405536 0.00912141 -0.00188402 -0.00514256 -0.00982151 -0.0125727 0.00716342 0.00266101 0.00453303 0.0117412 0.00969368 0.0138306
internal_weight=0 73.6338 60.2106 42.6302 33.9284 22.9645 27.4719 16.0004 11.4636 17.5804 13.4232 11.4714 9.0417 17.3444 8.76012 8.58428
internal_count=426 316 253 182 143 110 117 67 47 71 63 50 43 85 42 43
is_linear=0
shrinkage=0.01


Tree=40
num_leaves=16
num_cat=0
split_feature=11 7 0 11 10 6 6 2 0 0 0 11 0 11 2
split_gain=24.6198 16.1156 9.48818 8.69289 13.8522 8.36198 17.2532 6.38147 4.83216 4.26334 3.38493 2.87817 2.32225 0.58491 0.00404692
threshold=0.023642530927290902 0.91535389753182639 3.425616215139796 0.015136194267252054 -0.18785805786618687 0.041777336999265786 0.09183327668499898 -0.00094789554051311054 3.3927454703132174 3.3392023033306217 3.3482332076660821 0.010235860933453524 3.3383557680763896 0.026656161300674486 0.0011108048461883071
decision_type=2 2 2 2 2 2 2 2 2 2 2 2 2 2 2
left_child=1 2 3 7 12 -6 -7 -1 13 11 -3 -9 -5 -2 -15
right_child=8 10 -4 4 5 6 -8 9 -10 -11 -12 -13 -14 14 -16
leaf_value=0.0024354335798176261 0.0093838296405505638 0.013841655690299506 -0.01827564377003944 0.0050536053813338656 -0.012735676516786401 0.011133528418275309 -0.013652046753306189 -0.010309776479302734 0.0030098798506470953 -0.015270891578376676 0.0033543394999853943 -0.00020896946693836583 0.014934842989890569 0.013645526297252929 0.014042611823137994
leaf_weight=4.7855261862278011 4.154267534613612 4.7954267859458914 4.9551600664854041 4.9264895468950254 8.0051080286502891 6.5947043448686582 4.8917126059532166 7.1129729747772235 8.3603715896606428 9.6362806707620603 8.5918116122484189 4.6751943826675415 4.5984324067831039 5.6734893172979337 4.6868277043104172
leaf_count=20 20 24 20 22 33 29 20 29 38 39 39 20 21 29 23
internal_value=0 -0.00281245 -0.0050199 -0.00383053 -5.98498e-05 -0.00488982 0.000578112 -0.00800496 0.0090658 -0.010337 0.00711099 -0.00630379 0.00982406 0.012554 0.0138252
internal_weight=0 73.5688 60.1816 55.2264 29.0164 19.4915 11.4864 26.21 22.875 21.4244 13.3872 11.7882 9.52492 14.5146 10.3603
internal_count=426 316 253 233 125 82 49 108 110 88 63 49 43 72 52
is_linear=0
shrinkage=0.01


Tree=41
num_leaves=17
num_cat=0
split_feature=11 7 0 11 10 6 6 2 4 0 0 11 0 11 2 1
split_gain=24.2081 15.8177 9.29568 8.51322 13.6084 8.17866 16.928 6.2512 4.81282 4.17998 3.3554 2.81847 2.30022 0.739767 0.49988 0.00262873
threshold=0.023642530927290902 0.91535389753182639 3.425616215139796 0.015136194267252054 -0.18785805786618687 0.041777336999265786 0.09183327668499898 -0.00094789554051311054 0.0031692861439176494 3.3392023033306217 3.3482332076660821 0.010235860933453524 3.3383557680763896 0.028064985432072337 0.0008667984544807884 0.00010229510360826312
decision_type=2 2 2 2 2 2 2 2 2 2 2 2 2 2 2 2
left_child=1 2 3 7 12 -6 -7 -1 13 11 -3 -9 -5 14 -2 -15
right_child=8 10 -4 4 5 6 -8 9 -10 -11 -12 -13 -14 15 -16 -17
leaf_value=0.002412141936645323 0.011965088918292142 0.013788998860408032 -0.018092792929736229 0.0050111743380171579 -0.012593020572931695 0.011057387167198183 -0.01350416583786593 -0.01020117281565323 0.00096481721667769074 -0.015116693594331571 0.0033245770797002945 -0.00020687113214041549 0.014862422312249341 0.013552466717080604 0.0071695312436288816 0.013904815410515818
leaf_weight=4.7834277898073223 4.3809610158205086 4.7657507807016364 4.9551851153373709 4.9185612946748716 8.0147841572761589 6.5738192051649076 4.8958068042993546 7.1167926043272036 5.6059243828058234 9.6372242122888547 8.5820896029472333 4.6753921955823898 4.574749618768692 4.060567304491995 4.3141036182641983 4.424592062830925
leaf_count=20 21 24 20 22 33 29 20 29 25 39 39 20 21 21 21 22
internal_value=0 -0.00278709 -0.00497259 -0.00379461 -5.91915e-05 -0.00484258 0.000573295 -0.00792404 0.00901035 -0.0102313 0.00706082 -0.00623861 0.00975841 0.0116356 0.00958575 0.0137362
internal_weight=0 73.4936 60.1457 55.1906 28.9777 19.4844 11.4696 26.2128 22.7861 21.4294 13.3478 11.7922 9.49331 17.1802 8.69506 8.48516
internal_count=426 316 253 233 125 82 49 108 110 88 63 49 43 85 42 43
is_linear=0
shrinkage=0.01


Tree=42
num_leaves=18
num_cat=0
split_feature=2 9 6 2 5 6 10 9 9 1 6 6 10 10 10 10 2
split_gain=10.8093 15.1822 15.5324 9.29187 8.94153 9.51357 5.40668 5.36133 9.88039 4.91553 6.75675 7.47436 2.72991 0.777414 0.681138 1.749 0.455536
threshold=-0.0016272646076358475 40.461794782091935 -0.031319472836135669 -0.00058301107234459682 -0.00081777463378163151 0.046575298694765406 0.19876979782153689 88.380674214880486 97.686248542488357 0.0023462738969215473 0.048530256541365009 0.013690022653443991 0.3126751583726069 0.055420652663628563 -0.37082264005951276 -0.019911970276795334 -0.0038846205024651854
decision_type=2 2 2 2 2 2 2 2 2 2 2 2 2 2 2 2 2
left_child=6 3 -3 -2 5 -5 16 9 -9 10 11 -4 -10 -6 -12 -16 -1
right_child=1 2 7 4 13 -7 -8 8 12 -11 14 -13 -14 -15 15 -17 -18
leaf_value=0.014254027108514332 0.0041780227853808454 -0.013103610682444519 0.01066113731891403 -0.013126131187405255 -0.017998648859160051 0.0063964623225013315 0.00026966640760581315 -0.013230011938931148 0.010247789870129538 -0.0017252923360398221 0.014517296856604418 -0.0070550404323369642 -0.00076347856747784471 -0.013109690410098318 0.0057979465582512369 0.014775995476854242 0.0099411163134526959
leaf_weight=4.9665736109018335 5.6333426386117962 6.1883378475904456 4.5797541290521675 4.8303675353527122 6.6656059473752922 5.1654171645641327 6.3293584734201422 4.6756266802549353 4.4582446664571744 6.4449503868818274 6.8015913516283026 4.9611199051141739 4.5487060695886612 6.3520182222127914 4.3358333557844153 4.3434743881225577 4.8311307728290567
leaf_count=24 25 26 21 20 27 23 28 19 21 29 32 21 20 26 20 20 24
internal_value=0 -0.00150082 0.00175368 -0.0073332 -0.010151 -0.00303764 0.00747361 0.00379008 -0.00143572 0.0060624 0.0080683 0.00144897 0.00468686 -0.0156131 0.0121478 0.0102909 0.0121274
internal_weight=0 79.9844 51.3376 28.6468 23.0134 9.99578 16.1271 45.1493 13.6826 31.4667 25.0218 9.54087 9.00695 13.0176 15.4809 8.67931 9.7977
internal_count=426 350 229 121 96 43 76 203 60 143 114 42 41 53 72 40 48
is_linear=0
shrinkage=0.01


Tree=43
num_leaves=16
num_cat=0
split_feature=11 8 8 0 4 10 0 0 11 0 4 2 1 11 2
split_gain=23.586 11.3573 11.2545 10.1692 7.74869 5.87772 5.23071 10.1315 13.576 4.75564 4.57234 12.5855 1.96155 0.591867 0.00469225
threshold=0.023642530927290902 3.2794989064679778 3.2297823567890185 3.1893892261078478 0.0034418812104877188 -0.042353163355003852 3.3904915161132689 3.425616215139796 0.015523237256787696 3.3927454703132174 0.0013678525558853407 -0.0003799509767334896 -0.00068522378796864725 0.026656161300674486 0.0011108048461883071
decision_type=2 2 2 2 2 2 2 2 2 2 2 2 2 2 2
left_child=1 2 4 -3 5 -1 12 8 -8 13 11 -4 -5 -2 -15
right_child=9 3 10 6 -6 -7 7 -9 -10 -11 -12 -13 -14 14 -16
leaf_value=-0.0002166452093804664 0.0092152268754282646 0.0045056943647700217 0.011511709594512587 -0.011036468556352916 0.0067129643394573451 -0.013054423043598461 -0.011461014913926468 -0.01788859490573028 0.01074256600122069 0.0029164936911396312 0.01284411040032655 -0.0078654151500000165 -0.01940679330576275 0.013515103674595243 0.013945687254165149
leaf_weight=5.8516561686992654 4.1070527583360699 6.2048618644475928 7.4076192826032647 6.0699604600667953 4.6689733862876883 9.1321297436952591 5.6625940650701505 4.9469282627105704 5.3607437312602997 8.3256583511829358 6.7018573284149161 6.1221830844879159 5.1966374218463915 5.5764308273792249 4.6339648365974426
leaf_count=25 20 27 36 25 21 37 23 20 23 38 32 26 21 29 23
internal_value=0 -0.00274974 0.00085398 -0.00704773 -0.00453574 -0.00804085 -0.00967973 -0.00599893 -0.000663223 0.00892629 0.00608948 0.00274364 -0.0148972 0.012421 0.0137105
internal_weight=0 73.3261 39.8844 33.4417 19.6528 14.9838 27.2369 15.9703 11.0233 22.6431 20.2317 13.5298 11.2666 14.3174 10.2104
internal_count=426 316 177 139 83 62 112 66 46 110 94 62 46 72 52
is_linear=0
shrinkage=0.01


end of trees

feature_importances:
diff_MA_20=90
ATR=90
MFI=79
price_close=74
diff_MA_50=61
Volume_Oscillator=59
VWAP=55
diff_MA_9=47
OBV=39
divergence=32
diff_MA_30=29
diff_MA_100=24

parameters:
[boosting: gbdt]
[objective: binary]
[metric: binary_logloss]
[tree_learner: serial]
[device_type: cpu]
[data_sample_strategy: bagging]
[data: ]
[valid: ]
[num_iterations: 5000]
[learning_rate: 0.01]
[num_leaves: 31]
[num_threads: 4]
[seed: 0]
[deterministic: 0]
[force_col_wise: 0]
[force_row_wise: 0]
[histogram_pool_size: -1]
[max_depth: -1]
[min_data_in_leaf: 20]
[min_sum_hessian_in_leaf: 0.001]
[bagging_fraction: 0.6]
[pos_bagging_fraction: 1]
[neg_bagging_fraction: 1]
[bagging_freq: 0]
[bagging_seed: 3]
[feature_fraction: 0.7]
[feature_fraction_bynode: 1]
[feature_fraction_seed: 2]
[extra_trees: 0]
[extra_seed: 6]
[early_stopping_round: 0]
[first_metric_only: 0]
[max_delta_step: 0]
[lambda_l1: 0]
[lambda_l2: 0]
[linear_lambda: 0]
[min_gain_to_split: 0]
[drop_rate: 0.1]
[max_drop: 50]
[skip_drop: 0.5]
[xgboost_dart_mode: 0]
[uniform_drop: 0]
[drop_seed: 4]
[top_rate: 0.2]
[other_rate: 0.1]
[min_data_per_group: 100]
[max_cat_threshold: 32]
[cat_l2: 10]
[cat_smooth: 10]
[max_cat_to_onehot: 4]
[top_k: 20]
[monotone_constraints: ]
[monotone_constraints_method: basic]
[monotone_penalty: 0]
[feature_contri: ]
[forcedsplits_filename: ]
[refit_decay_rate: 0.9]
[cegb_tradeoff: 1]
[cegb_penalty_split: 0]
[cegb_penalty_feature_lazy: ]
[cegb_penalty_feature_coupled: ]
[path_smooth: 0]
[interaction_constraints: ]
[verbosity: 0]
[saved_feature_importance_type: 0]
[use_quantized_grad: 0]
[num_grad_quant_bins: 4]
[quant_train_renew_leaf: 0]
[stochastic_rounding: 1]
[linear_tree: 0]
[max_bin: 255]
[max_bin_by_feature: ]
[min_data_in_bin: 3]
[bin_construct_sample_cnt: 200000]
[data_random_seed: 1]
[is_enable_sparse: 1]
[enable_bundle: 1]
[use_missing: 1]
[zero_as_missing: 0]
[feature_pre_filter: 1]
[pre_partition: 0]
[two_round: 0]
[header: 0]
[label_column: ]
[weight_column: ]
[group_column: ]
[ignore_column: ]
[categorical_feature: ]
[forcedbins_filename: ]
[precise_float_parser: 0]
[parser_config_file: ]
[objective_seed: 5]
[num_class: 1]
[is_unbalance: 0]
[scale_pos_weight: 1]
[sigmoid: 1]
[boost_from_average: 1]
[reg_sqrt: 0]
[alpha: 0.9]
[fair_c: 1]
[poisson_max_delta_step: 0.7]
[tweedie_variance_power: 1.5]
[lambdarank_truncation_level: 30]
[lambdarank_norm: 1]
[label_gain: ]
[lambdarank_position_bias_regularization: 0]
[eval_at: ]
[multi_error_top_k: 1]
[auc_mu_weights: ]
[num_machines: 1]
[local_listen_port: 12400]
[time_out: 120]
[machine_list_filename: ]
[machines: ]
[gpu_platform_id: -1]
[gpu_device_id: -1]
[gpu_use_dp: 0]
[num_gpu: 1]

end of parameters

pandas_categorical:[]
